1 & 494 & [0, 2, 6, 11, 15, 16, 25, 30, 31, 32, 35, 44, 47, 48, 50, 51, 54, 73, 74, 75, 77, 80, 85, 86, 87, 92, 99, 108, 110, 112, 121, 123, 125, 126, 129, 133, 139, 141, 149, 151, 153, 168, 170, 180, 181, 182, 185, 190, 193, 213, 217, 220, 221, 222, 223, 232, 247, 248, 249, 250, 251, 255, 266, 269, 273, 284, 286, 289, 299, 301, 302, 305, 320, 321, 328, 330, 331, 336, 339, 343, 344, 352, 359, 364, 366, 381, 403, 405, 407, 417, 421, 425, 438, 444, 446, 448] 
2 & 494 & [0, 2, 6, 11, 15, 16, 25, 30, 31, 32, 35, 44, 47, 48, 50, 51, 54, 73, 74, 75, 77, 80, 85, 86, 87, 92, 99, 108, 110, 112, 121, 123, 125, 126, 129, 133, 139, 141, 149, 151, 153, 168, 170, 180, 181, 182, 185, 190, 193, 213, 217, 220, 221, 222, 223, 232, 247, 248, 249, 250, 251, 255, 266, 269, 273, 284, 286, 289, 299, 301, 302, 305, 320, 321, 328, 330, 331, 336, 339, 343, 344, 352, 359, 364, 366, 381, 403, 405, 407, 417, 421, 425, 438, 444, 446, 448] 
3 & 494 & [0, 2, 6, 11, 15, 16, 25, 30, 31, 32, 35, 44, 47, 48, 50, 51, 54, 73, 74, 75, 77, 80, 85, 86, 87, 92, 99, 108, 110, 112, 121, 123, 125, 126, 129, 133, 139, 141, 149, 151, 153, 168, 170, 180, 181, 182, 185, 190, 193, 213, 217, 220, 221, 222, 223, 232, 247, 248, 249, 250, 251, 255, 266, 269, 273, 284, 286, 289, 299, 301, 302, 305, 320, 321, 328, 330, 331, 336, 339, 343, 344, 352, 359, 364, 366, 381, 403, 405, 407, 417, 421, 425, 438, 444, 446, 448] 
4 & 551 & [0, 6, 9, 12, 13, 15, 17, 24, 26, 30, 33, 44, 45, 49, 52, 53, 65, 70, 72, 76, 80, 83, 85, 86, 87, 88, 89, 92, 93, 106, 111, 116, 119, 120, 123, 126, 131, 138, 141, 145, 146, 148, 149, 150, 154, 155, 156, 157, 175, 184, 185, 197, 198, 210, 216, 221, 234, 240, 243, 245, 248, 252, 253, 256, 260, 263, 269, 273, 284, 289, 292, 300, 303, 307, 308, 310, 311, 313, 314, 315, 324, 332, 333, 341, 346, 349, 354, 382, 384, 386, 401, 403, 410, 414, 418, 419, 424, 427, 428, 436, 442, 444, 446] 
5 & 551 & [0, 6, 9, 12, 13, 15, 17, 24, 26, 30, 33, 44, 45, 49, 52, 53, 65, 70, 72, 76, 80, 83, 85, 86, 87, 88, 89, 92, 93, 106, 111, 116, 119, 120, 123, 126, 131, 138, 141, 145, 146, 148, 149, 150, 154, 155, 156, 157, 175, 184, 185, 197, 198, 210, 216, 221, 234, 240, 243, 245, 248, 252, 253, 256, 260, 263, 269, 273, 284, 289, 292, 300, 303, 307, 308, 310, 311, 313, 314, 315, 324, 332, 333, 341, 346, 349, 354, 382, 384, 386, 401, 403, 410, 414, 418, 419, 424, 427, 428, 436, 442, 444, 446] 
6 & 551 & [0, 6, 9, 12, 13, 15, 17, 24, 26, 30, 33, 44, 45, 49, 52, 53, 65, 70, 72, 76, 80, 83, 85, 86, 87, 88, 89, 92, 93, 106, 111, 116, 119, 120, 123, 126, 131, 138, 141, 145, 146, 148, 149, 150, 154, 155, 156, 157, 175, 184, 185, 197, 198, 210, 216, 221, 234, 240, 243, 245, 248, 252, 253, 256, 260, 263, 269, 273, 284, 289, 292, 300, 303, 307, 308, 310, 311, 313, 314, 315, 324, 332, 333, 341, 346, 349, 354, 382, 384, 386, 401, 403, 410, 414, 418, 419, 424, 427, 428, 436, 442, 444, 446] 
7 & 551 & [0, 6, 9, 12, 13, 15, 17, 24, 26, 30, 33, 44, 45, 49, 52, 53, 65, 70, 72, 76, 80, 83, 85, 86, 87, 88, 89, 92, 93, 106, 111, 116, 119, 120, 123, 126, 131, 138, 141, 145, 146, 148, 149, 150, 154, 155, 156, 157, 175, 184, 185, 197, 198, 210, 216, 221, 234, 240, 243, 245, 248, 252, 253, 256, 260, 263, 269, 273, 284, 289, 292, 300, 303, 307, 308, 310, 311, 313, 314, 315, 324, 332, 333, 341, 346, 349, 354, 382, 384, 386, 401, 403, 410, 414, 418, 419, 424, 427, 428, 436, 442, 444, 446] 
8 & 551 & [0, 6, 9, 12, 13, 15, 17, 24, 26, 30, 33, 44, 45, 49, 52, 53, 65, 70, 72, 76, 80, 83, 85, 86, 87, 88, 89, 92, 93, 106, 111, 116, 119, 120, 123, 126, 131, 138, 141, 145, 146, 148, 149, 150, 154, 155, 156, 157, 175, 184, 185, 197, 198, 210, 216, 221, 234, 240, 243, 245, 248, 252, 253, 256, 260, 263, 269, 273, 284, 289, 292, 300, 303, 307, 308, 310, 311, 313, 314, 315, 324, 332, 333, 341, 346, 349, 354, 382, 384, 386, 401, 403, 410, 414, 418, 419, 424, 427, 428, 436, 442, 444, 446] 
9 & 551 & [0, 6, 9, 12, 13, 15, 17, 24, 26, 30, 33, 44, 45, 49, 52, 53, 65, 70, 72, 76, 80, 83, 85, 86, 87, 88, 89, 92, 93, 106, 111, 116, 119, 120, 123, 126, 131, 138, 141, 145, 146, 148, 149, 150, 154, 155, 156, 157, 175, 184, 185, 197, 198, 210, 216, 221, 234, 240, 243, 245, 248, 252, 253, 256, 260, 263, 269, 273, 284, 289, 292, 300, 303, 307, 308, 310, 311, 313, 314, 315, 324, 332, 333, 341, 346, 349, 354, 382, 384, 386, 401, 403, 410, 414, 418, 419, 424, 427, 428, 436, 442, 444, 446] 
10 & 551 & [0, 6, 9, 12, 13, 15, 17, 24, 26, 30, 33, 44, 45, 49, 52, 53, 65, 70, 72, 76, 80, 83, 85, 86, 87, 88, 89, 92, 93, 106, 111, 116, 119, 120, 123, 126, 131, 138, 141, 145, 146, 148, 149, 150, 154, 155, 156, 157, 175, 184, 185, 197, 198, 210, 216, 221, 234, 240, 243, 245, 248, 252, 253, 256, 260, 263, 269, 273, 284, 289, 292, 300, 303, 307, 308, 310, 311, 313, 314, 315, 324, 332, 333, 341, 346, 349, 354, 382, 384, 386, 401, 403, 410, 414, 418, 419, 424, 427, 428, 436, 442, 444, 446] 
11 & 551 & [0, 6, 9, 12, 13, 15, 17, 24, 26, 30, 33, 44, 45, 49, 52, 53, 65, 70, 72, 76, 80, 83, 85, 86, 87, 88, 89, 92, 93, 106, 111, 116, 119, 120, 123, 126, 131, 138, 141, 145, 146, 148, 149, 150, 154, 155, 156, 157, 175, 184, 185, 197, 198, 210, 216, 221, 234, 240, 243, 245, 248, 252, 253, 256, 260, 263, 269, 273, 284, 289, 292, 300, 303, 307, 308, 310, 311, 313, 314, 315, 324, 332, 333, 341, 346, 349, 354, 382, 384, 386, 401, 403, 410, 414, 418, 419, 424, 427, 428, 436, 442, 444, 446] 
12 & 551 & [0, 6, 9, 12, 13, 15, 17, 24, 26, 30, 33, 44, 45, 49, 52, 53, 65, 70, 72, 76, 80, 83, 85, 86, 87, 88, 89, 92, 93, 106, 111, 116, 119, 120, 123, 126, 131, 138, 141, 145, 146, 148, 149, 150, 154, 155, 156, 157, 175, 184, 185, 197, 198, 210, 216, 221, 234, 240, 243, 245, 248, 252, 253, 256, 260, 263, 269, 273, 284, 289, 292, 300, 303, 307, 308, 310, 311, 313, 314, 315, 324, 332, 333, 341, 346, 349, 354, 382, 384, 386, 401, 403, 410, 414, 418, 419, 424, 427, 428, 436, 442, 444, 446] 
13 & 551 & [0, 6, 9, 12, 13, 15, 17, 24, 26, 30, 33, 44, 45, 49, 52, 53, 65, 70, 72, 76, 80, 83, 85, 86, 87, 88, 89, 92, 93, 106, 111, 116, 119, 120, 123, 126, 131, 138, 141, 145, 146, 148, 149, 150, 154, 155, 156, 157, 175, 184, 185, 197, 198, 210, 216, 221, 234, 240, 243, 245, 248, 252, 253, 256, 260, 263, 269, 273, 284, 289, 292, 300, 303, 307, 308, 310, 311, 313, 314, 315, 324, 332, 333, 341, 346, 349, 354, 382, 384, 386, 401, 403, 410, 414, 418, 419, 424, 427, 428, 436, 442, 444, 446] 
14 & 551 & [0, 6, 9, 12, 13, 15, 17, 24, 26, 30, 33, 44, 45, 49, 52, 53, 65, 70, 72, 76, 80, 83, 85, 86, 87, 88, 89, 92, 93, 106, 111, 116, 119, 120, 123, 126, 131, 138, 141, 145, 146, 148, 149, 150, 154, 155, 156, 157, 175, 184, 185, 197, 198, 210, 216, 221, 234, 240, 243, 245, 248, 252, 253, 256, 260, 263, 269, 273, 284, 289, 292, 300, 303, 307, 308, 310, 311, 313, 314, 315, 324, 332, 333, 341, 346, 349, 354, 382, 384, 386, 401, 403, 410, 414, 418, 419, 424, 427, 428, 436, 442, 444, 446] 
15 & 551 & [0, 6, 9, 12, 13, 15, 17, 24, 26, 30, 33, 44, 45, 49, 52, 53, 65, 70, 72, 76, 80, 83, 85, 86, 87, 88, 89, 92, 93, 106, 111, 116, 119, 120, 123, 126, 131, 138, 141, 145, 146, 148, 149, 150, 154, 155, 156, 157, 175, 184, 185, 197, 198, 210, 216, 221, 234, 240, 243, 245, 248, 252, 253, 256, 260, 263, 269, 273, 284, 289, 292, 300, 303, 307, 308, 310, 311, 313, 314, 315, 324, 332, 333, 341, 346, 349, 354, 382, 384, 386, 401, 403, 410, 414, 418, 419, 424, 427, 428, 436, 442, 444, 446] 
16 & 551 & [0, 6, 9, 12, 13, 15, 17, 24, 26, 30, 33, 44, 45, 49, 52, 53, 65, 70, 72, 76, 80, 83, 85, 86, 87, 88, 89, 92, 93, 106, 111, 116, 119, 120, 123, 126, 131, 138, 141, 145, 146, 148, 149, 150, 154, 155, 156, 157, 175, 184, 185, 197, 198, 210, 216, 221, 234, 240, 243, 245, 248, 252, 253, 256, 260, 263, 269, 273, 284, 289, 292, 300, 303, 307, 308, 310, 311, 313, 314, 315, 324, 332, 333, 341, 346, 349, 354, 382, 384, 386, 401, 403, 410, 414, 418, 419, 424, 427, 428, 436, 442, 444, 446] 
17 & 551 & [0, 6, 9, 12, 13, 15, 17, 24, 26, 30, 33, 44, 45, 49, 52, 53, 65, 70, 72, 76, 80, 83, 85, 86, 87, 88, 89, 92, 93, 106, 111, 116, 119, 120, 123, 126, 131, 138, 141, 145, 146, 148, 149, 150, 154, 155, 156, 157, 175, 184, 185, 197, 198, 210, 216, 221, 234, 240, 243, 245, 248, 252, 253, 256, 260, 263, 269, 273, 284, 289, 292, 300, 303, 307, 308, 310, 311, 313, 314, 315, 324, 332, 333, 341, 346, 349, 354, 382, 384, 386, 401, 403, 410, 414, 418, 419, 424, 427, 428, 436, 442, 444, 446] 
18 & 551 & [0, 6, 9, 12, 13, 15, 17, 24, 26, 30, 33, 44, 45, 49, 52, 53, 65, 70, 72, 76, 80, 83, 85, 86, 87, 88, 89, 92, 93, 106, 111, 116, 119, 120, 123, 126, 131, 138, 141, 145, 146, 148, 149, 150, 154, 155, 156, 157, 175, 184, 185, 197, 198, 210, 216, 221, 234, 240, 243, 245, 248, 252, 253, 256, 260, 263, 269, 273, 284, 289, 292, 300, 303, 307, 308, 310, 311, 313, 314, 315, 324, 332, 333, 341, 346, 349, 354, 382, 384, 386, 401, 403, 410, 414, 418, 419, 424, 427, 428, 436, 442, 444, 446] 
19 & 551 & [0, 6, 9, 12, 13, 15, 17, 24, 26, 30, 33, 44, 45, 49, 52, 53, 65, 70, 72, 76, 80, 83, 85, 86, 87, 88, 89, 92, 93, 106, 111, 116, 119, 120, 123, 126, 131, 138, 141, 145, 146, 148, 149, 150, 154, 155, 156, 157, 175, 184, 185, 197, 198, 210, 216, 221, 234, 240, 243, 245, 248, 252, 253, 256, 260, 263, 269, 273, 284, 289, 292, 300, 303, 307, 308, 310, 311, 313, 314, 315, 324, 332, 333, 341, 346, 349, 354, 382, 384, 386, 401, 403, 410, 414, 418, 419, 424, 427, 428, 436, 442, 444, 446] 
20 & 551 & [0, 6, 9, 12, 13, 15, 17, 24, 26, 30, 33, 44, 45, 49, 52, 53, 65, 70, 72, 76, 80, 83, 85, 86, 87, 88, 89, 92, 93, 106, 111, 116, 119, 120, 123, 126, 131, 138, 141, 145, 146, 148, 149, 150, 154, 155, 156, 157, 175, 184, 185, 197, 198, 210, 216, 221, 234, 240, 243, 245, 248, 252, 253, 256, 260, 263, 269, 273, 284, 289, 292, 300, 303, 307, 308, 310, 311, 313, 314, 315, 324, 332, 333, 341, 346, 349, 354, 382, 384, 386, 401, 403, 410, 414, 418, 419, 424, 427, 428, 436, 442, 444, 446] 
21 & 551 & [0, 6, 9, 12, 13, 15, 17, 24, 26, 30, 33, 44, 45, 49, 52, 53, 65, 70, 72, 76, 80, 83, 85, 86, 87, 88, 89, 92, 93, 106, 111, 116, 119, 120, 123, 126, 131, 138, 141, 145, 146, 148, 149, 150, 154, 155, 156, 157, 175, 184, 185, 197, 198, 210, 216, 221, 234, 240, 243, 245, 248, 252, 253, 256, 260, 263, 269, 273, 284, 289, 292, 300, 303, 307, 308, 310, 311, 313, 314, 315, 324, 332, 333, 341, 346, 349, 354, 382, 384, 386, 401, 403, 410, 414, 418, 419, 424, 427, 428, 436, 442, 444, 446] 
22 & 551 & [0, 6, 9, 12, 13, 15, 17, 24, 26, 30, 33, 44, 45, 49, 52, 53, 65, 70, 72, 76, 80, 83, 85, 86, 87, 88, 89, 92, 93, 106, 111, 116, 119, 120, 123, 126, 131, 138, 141, 145, 146, 148, 149, 150, 154, 155, 156, 157, 175, 184, 185, 197, 198, 210, 216, 221, 234, 240, 243, 245, 248, 252, 253, 256, 260, 263, 269, 273, 284, 289, 292, 300, 303, 307, 308, 310, 311, 313, 314, 315, 324, 332, 333, 341, 346, 349, 354, 382, 384, 386, 401, 403, 410, 414, 418, 419, 424, 427, 428, 436, 442, 444, 446] 
23 & 551 & [0, 6, 9, 12, 13, 15, 17, 24, 26, 30, 33, 44, 45, 49, 52, 53, 65, 70, 72, 76, 80, 83, 85, 86, 87, 88, 89, 92, 93, 106, 111, 116, 119, 120, 123, 126, 131, 138, 141, 145, 146, 148, 149, 150, 154, 155, 156, 157, 175, 184, 185, 197, 198, 210, 216, 221, 234, 240, 243, 245, 248, 252, 253, 256, 260, 263, 269, 273, 284, 289, 292, 300, 303, 307, 308, 310, 311, 313, 314, 315, 324, 332, 333, 341, 346, 349, 354, 382, 384, 386, 401, 403, 410, 414, 418, 419, 424, 427, 428, 436, 442, 444, 446] 
24 & 551 & [0, 6, 9, 12, 13, 15, 17, 24, 26, 30, 33, 44, 45, 49, 52, 53, 65, 70, 72, 76, 80, 83, 85, 86, 87, 88, 89, 92, 93, 106, 111, 116, 119, 120, 123, 126, 131, 138, 141, 145, 146, 148, 149, 150, 154, 155, 156, 157, 175, 184, 185, 197, 198, 210, 216, 221, 234, 240, 243, 245, 248, 252, 253, 256, 260, 263, 269, 273, 284, 289, 292, 300, 303, 307, 308, 310, 311, 313, 314, 315, 324, 332, 333, 341, 346, 349, 354, 382, 384, 386, 401, 403, 410, 414, 418, 419, 424, 427, 428, 436, 442, 444, 446] 
25 & 551 & [0, 6, 9, 12, 13, 15, 17, 24, 26, 30, 33, 44, 45, 49, 52, 53, 65, 70, 72, 76, 80, 83, 85, 86, 87, 88, 89, 92, 93, 106, 111, 116, 119, 120, 123, 126, 131, 138, 141, 145, 146, 148, 149, 150, 154, 155, 156, 157, 175, 184, 185, 197, 198, 210, 216, 221, 234, 240, 243, 245, 248, 252, 253, 256, 260, 263, 269, 273, 284, 289, 292, 300, 303, 307, 308, 310, 311, 313, 314, 315, 324, 332, 333, 341, 346, 349, 354, 382, 384, 386, 401, 403, 410, 414, 418, 419, 424, 427, 428, 436, 442, 444, 446] 
26 & 573 & [0, 2, 3, 4, 7, 12, 16, 24, 25, 27, 43, 45, 46, 47, 52, 53, 60, 70, 81, 92, 97, 100, 104, 108, 109, 112, 120, 125, 126, 134, 135, 136, 137, 142, 147, 148, 153, 164, 171, 174, 177, 181, 184, 186, 187, 193, 194, 207, 215, 218, 219, 220, 224, 225, 226, 233, 252, 256, 264, 265, 274, 284, 288, 289, 295, 302, 304, 306, 311, 313, 314, 327, 330, 333, 335, 339, 343, 346, 351, 352, 353, 355, 359, 367, 368, 379, 390, 391, 398, 401, 403, 406, 411, 414, 417, 418, 420, 432, 441, 444, 445, 448] 
27 & 573 & [0, 2, 3, 4, 7, 12, 16, 24, 25, 27, 43, 45, 46, 47, 52, 53, 60, 70, 81, 92, 97, 100, 104, 108, 109, 112, 120, 125, 126, 134, 135, 136, 137, 142, 147, 148, 153, 164, 171, 174, 177, 181, 184, 186, 187, 193, 194, 207, 215, 218, 219, 220, 224, 225, 226, 233, 252, 256, 264, 265, 274, 284, 288, 289, 295, 302, 304, 306, 311, 313, 314, 327, 330, 333, 335, 339, 343, 346, 351, 352, 353, 355, 359, 367, 368, 379, 390, 391, 398, 401, 403, 406, 411, 414, 417, 418, 420, 432, 441, 444, 445, 448] 
28 & 573 & [0, 2, 3, 4, 7, 12, 16, 24, 25, 27, 43, 45, 46, 47, 52, 53, 60, 70, 81, 92, 97, 100, 104, 108, 109, 112, 120, 125, 126, 134, 135, 136, 137, 142, 147, 148, 153, 164, 171, 174, 177, 181, 184, 186, 187, 193, 194, 207, 215, 218, 219, 220, 224, 225, 226, 233, 252, 256, 264, 265, 274, 284, 288, 289, 295, 302, 304, 306, 311, 313, 314, 327, 330, 333, 335, 339, 343, 346, 351, 352, 353, 355, 359, 367, 368, 379, 390, 391, 398, 401, 403, 406, 411, 414, 417, 418, 420, 432, 441, 444, 445, 448] 
29 & 573 & [0, 2, 3, 4, 7, 12, 16, 24, 25, 27, 43, 45, 46, 47, 52, 53, 60, 70, 81, 92, 97, 100, 104, 108, 109, 112, 120, 125, 126, 134, 135, 136, 137, 142, 147, 148, 153, 164, 171, 174, 177, 181, 184, 186, 187, 193, 194, 207, 215, 218, 219, 220, 224, 225, 226, 233, 252, 256, 264, 265, 274, 284, 288, 289, 295, 302, 304, 306, 311, 313, 314, 327, 330, 333, 335, 339, 343, 346, 351, 352, 353, 355, 359, 367, 368, 379, 390, 391, 398, 401, 403, 406, 411, 414, 417, 418, 420, 432, 441, 444, 445, 448] 
30 & 573 & [0, 2, 3, 4, 7, 12, 16, 24, 25, 27, 43, 45, 46, 47, 52, 53, 60, 70, 81, 92, 97, 100, 104, 108, 109, 112, 120, 125, 126, 134, 135, 136, 137, 142, 147, 148, 153, 164, 171, 174, 177, 181, 184, 186, 187, 193, 194, 207, 215, 218, 219, 220, 224, 225, 226, 233, 252, 256, 264, 265, 274, 284, 288, 289, 295, 302, 304, 306, 311, 313, 314, 327, 330, 333, 335, 339, 343, 346, 351, 352, 353, 355, 359, 367, 368, 379, 390, 391, 398, 401, 403, 406, 411, 414, 417, 418, 420, 432, 441, 444, 445, 448] 
31 & 573 & [0, 2, 3, 4, 7, 12, 16, 24, 25, 27, 43, 45, 46, 47, 52, 53, 60, 70, 81, 92, 97, 100, 104, 108, 109, 112, 120, 125, 126, 134, 135, 136, 137, 142, 147, 148, 153, 164, 171, 174, 177, 181, 184, 186, 187, 193, 194, 207, 215, 218, 219, 220, 224, 225, 226, 233, 252, 256, 264, 265, 274, 284, 288, 289, 295, 302, 304, 306, 311, 313, 314, 327, 330, 333, 335, 339, 343, 346, 351, 352, 353, 355, 359, 367, 368, 379, 390, 391, 398, 401, 403, 406, 411, 414, 417, 418, 420, 432, 441, 444, 445, 448] 
32 & 573 & [0, 2, 3, 4, 7, 12, 16, 24, 25, 27, 43, 45, 46, 47, 52, 53, 60, 70, 81, 92, 97, 100, 104, 108, 109, 112, 120, 125, 126, 134, 135, 136, 137, 142, 147, 148, 153, 164, 171, 174, 177, 181, 184, 186, 187, 193, 194, 207, 215, 218, 219, 220, 224, 225, 226, 233, 252, 256, 264, 265, 274, 284, 288, 289, 295, 302, 304, 306, 311, 313, 314, 327, 330, 333, 335, 339, 343, 346, 351, 352, 353, 355, 359, 367, 368, 379, 390, 391, 398, 401, 403, 406, 411, 414, 417, 418, 420, 432, 441, 444, 445, 448] 
33 & 573 & [0, 2, 3, 4, 7, 12, 16, 24, 25, 27, 43, 45, 46, 47, 52, 53, 60, 70, 81, 92, 97, 100, 104, 108, 109, 112, 120, 125, 126, 134, 135, 136, 137, 142, 147, 148, 153, 164, 171, 174, 177, 181, 184, 186, 187, 193, 194, 207, 215, 218, 219, 220, 224, 225, 226, 233, 252, 256, 264, 265, 274, 284, 288, 289, 295, 302, 304, 306, 311, 313, 314, 327, 330, 333, 335, 339, 343, 346, 351, 352, 353, 355, 359, 367, 368, 379, 390, 391, 398, 401, 403, 406, 411, 414, 417, 418, 420, 432, 441, 444, 445, 448] 
34 & 573 & [0, 2, 3, 4, 7, 12, 16, 24, 25, 27, 43, 45, 46, 47, 52, 53, 60, 70, 81, 92, 97, 100, 104, 108, 109, 112, 120, 125, 126, 134, 135, 136, 137, 142, 147, 148, 153, 164, 171, 174, 177, 181, 184, 186, 187, 193, 194, 207, 215, 218, 219, 220, 224, 225, 226, 233, 252, 256, 264, 265, 274, 284, 288, 289, 295, 302, 304, 306, 311, 313, 314, 327, 330, 333, 335, 339, 343, 346, 351, 352, 353, 355, 359, 367, 368, 379, 390, 391, 398, 401, 403, 406, 411, 414, 417, 418, 420, 432, 441, 444, 445, 448] 
35 & 573 & [0, 2, 3, 4, 7, 12, 16, 24, 25, 27, 43, 45, 46, 47, 52, 53, 60, 70, 81, 92, 97, 100, 104, 108, 109, 112, 120, 125, 126, 134, 135, 136, 137, 142, 147, 148, 153, 164, 171, 174, 177, 181, 184, 186, 187, 193, 194, 207, 215, 218, 219, 220, 224, 225, 226, 233, 252, 256, 264, 265, 274, 284, 288, 289, 295, 302, 304, 306, 311, 313, 314, 327, 330, 333, 335, 339, 343, 346, 351, 352, 353, 355, 359, 367, 368, 379, 390, 391, 398, 401, 403, 406, 411, 414, 417, 418, 420, 432, 441, 444, 445, 448] 
36 & 573 & [0, 2, 3, 4, 7, 12, 16, 24, 25, 27, 43, 45, 46, 47, 52, 53, 60, 70, 81, 92, 97, 100, 104, 108, 109, 112, 120, 125, 126, 134, 135, 136, 137, 142, 147, 148, 153, 164, 171, 174, 177, 181, 184, 186, 187, 193, 194, 207, 215, 218, 219, 220, 224, 225, 226, 233, 252, 256, 264, 265, 274, 284, 288, 289, 295, 302, 304, 306, 311, 313, 314, 327, 330, 333, 335, 339, 343, 346, 351, 352, 353, 355, 359, 367, 368, 379, 390, 391, 398, 401, 403, 406, 411, 414, 417, 418, 420, 432, 441, 444, 445, 448] 
37 & 573 & [0, 2, 3, 4, 7, 12, 16, 24, 25, 27, 43, 45, 46, 47, 52, 53, 60, 70, 81, 92, 97, 100, 104, 108, 109, 112, 120, 125, 126, 134, 135, 136, 137, 142, 147, 148, 153, 164, 171, 174, 177, 181, 184, 186, 187, 193, 194, 207, 215, 218, 219, 220, 224, 225, 226, 233, 252, 256, 264, 265, 274, 284, 288, 289, 295, 302, 304, 306, 311, 313, 314, 327, 330, 333, 335, 339, 343, 346, 351, 352, 353, 355, 359, 367, 368, 379, 390, 391, 398, 401, 403, 406, 411, 414, 417, 418, 420, 432, 441, 444, 445, 448] 
38 & 573 & [0, 2, 3, 4, 7, 12, 16, 24, 25, 27, 43, 45, 46, 47, 52, 53, 60, 70, 81, 92, 97, 100, 104, 108, 109, 112, 120, 125, 126, 134, 135, 136, 137, 142, 147, 148, 153, 164, 171, 174, 177, 181, 184, 186, 187, 193, 194, 207, 215, 218, 219, 220, 224, 225, 226, 233, 252, 256, 264, 265, 274, 284, 288, 289, 295, 302, 304, 306, 311, 313, 314, 327, 330, 333, 335, 339, 343, 346, 351, 352, 353, 355, 359, 367, 368, 379, 390, 391, 398, 401, 403, 406, 411, 414, 417, 418, 420, 432, 441, 444, 445, 448] 
39 & 573 & [0, 2, 3, 4, 7, 12, 16, 24, 25, 27, 43, 45, 46, 47, 52, 53, 60, 70, 81, 92, 97, 100, 104, 108, 109, 112, 120, 125, 126, 134, 135, 136, 137, 142, 147, 148, 153, 164, 171, 174, 177, 181, 184, 186, 187, 193, 194, 207, 215, 218, 219, 220, 224, 225, 226, 233, 252, 256, 264, 265, 274, 284, 288, 289, 295, 302, 304, 306, 311, 313, 314, 327, 330, 333, 335, 339, 343, 346, 351, 352, 353, 355, 359, 367, 368, 379, 390, 391, 398, 401, 403, 406, 411, 414, 417, 418, 420, 432, 441, 444, 445, 448] 
40 & 573 & [0, 2, 3, 4, 7, 12, 16, 24, 25, 27, 43, 45, 46, 47, 52, 53, 60, 70, 81, 92, 97, 100, 104, 108, 109, 112, 120, 125, 126, 134, 135, 136, 137, 142, 147, 148, 153, 164, 171, 174, 177, 181, 184, 186, 187, 193, 194, 207, 215, 218, 219, 220, 224, 225, 226, 233, 252, 256, 264, 265, 274, 284, 288, 289, 295, 302, 304, 306, 311, 313, 314, 327, 330, 333, 335, 339, 343, 346, 351, 352, 353, 355, 359, 367, 368, 379, 390, 391, 398, 401, 403, 406, 411, 414, 417, 418, 420, 432, 441, 444, 445, 448] 
41 & 573 & [0, 2, 3, 4, 7, 12, 16, 24, 25, 27, 43, 45, 46, 47, 52, 53, 60, 70, 81, 92, 97, 100, 104, 108, 109, 112, 120, 125, 126, 134, 135, 136, 137, 142, 147, 148, 153, 164, 171, 174, 177, 181, 184, 186, 187, 193, 194, 207, 215, 218, 219, 220, 224, 225, 226, 233, 252, 256, 264, 265, 274, 284, 288, 289, 295, 302, 304, 306, 311, 313, 314, 327, 330, 333, 335, 339, 343, 346, 351, 352, 353, 355, 359, 367, 368, 379, 390, 391, 398, 401, 403, 406, 411, 414, 417, 418, 420, 432, 441, 444, 445, 448] 
42 & 573 & [0, 2, 3, 4, 7, 12, 16, 24, 25, 27, 43, 45, 46, 47, 52, 53, 60, 70, 81, 92, 97, 100, 104, 108, 109, 112, 120, 125, 126, 134, 135, 136, 137, 142, 147, 148, 153, 164, 171, 174, 177, 181, 184, 186, 187, 193, 194, 207, 215, 218, 219, 220, 224, 225, 226, 233, 252, 256, 264, 265, 274, 284, 288, 289, 295, 302, 304, 306, 311, 313, 314, 327, 330, 333, 335, 339, 343, 346, 351, 352, 353, 355, 359, 367, 368, 379, 390, 391, 398, 401, 403, 406, 411, 414, 417, 418, 420, 432, 441, 444, 445, 448] 
43 & 573 & [0, 2, 3, 4, 7, 12, 16, 24, 25, 27, 43, 45, 46, 47, 52, 53, 60, 70, 81, 92, 97, 100, 104, 108, 109, 112, 120, 125, 126, 134, 135, 136, 137, 142, 147, 148, 153, 164, 171, 174, 177, 181, 184, 186, 187, 193, 194, 207, 215, 218, 219, 220, 224, 225, 226, 233, 252, 256, 264, 265, 274, 284, 288, 289, 295, 302, 304, 306, 311, 313, 314, 327, 330, 333, 335, 339, 343, 346, 351, 352, 353, 355, 359, 367, 368, 379, 390, 391, 398, 401, 403, 406, 411, 414, 417, 418, 420, 432, 441, 444, 445, 448] 
44 & 573 & [0, 2, 3, 4, 7, 12, 16, 24, 25, 27, 43, 45, 46, 47, 52, 53, 60, 70, 81, 92, 97, 100, 104, 108, 109, 112, 120, 125, 126, 134, 135, 136, 137, 142, 147, 148, 153, 164, 171, 174, 177, 181, 184, 186, 187, 193, 194, 207, 215, 218, 219, 220, 224, 225, 226, 233, 252, 256, 264, 265, 274, 284, 288, 289, 295, 302, 304, 306, 311, 313, 314, 327, 330, 333, 335, 339, 343, 346, 351, 352, 353, 355, 359, 367, 368, 379, 390, 391, 398, 401, 403, 406, 411, 414, 417, 418, 420, 432, 441, 444, 445, 448] 
45 & 573 & [0, 2, 3, 4, 7, 12, 16, 24, 25, 27, 43, 45, 46, 47, 52, 53, 60, 70, 81, 92, 97, 100, 104, 108, 109, 112, 120, 125, 126, 134, 135, 136, 137, 142, 147, 148, 153, 164, 171, 174, 177, 181, 184, 186, 187, 193, 194, 207, 215, 218, 219, 220, 224, 225, 226, 233, 252, 256, 264, 265, 274, 284, 288, 289, 295, 302, 304, 306, 311, 313, 314, 327, 330, 333, 335, 339, 343, 346, 351, 352, 353, 355, 359, 367, 368, 379, 390, 391, 398, 401, 403, 406, 411, 414, 417, 418, 420, 432, 441, 444, 445, 448] 
46 & 573 & [0, 2, 3, 4, 7, 12, 16, 24, 25, 27, 43, 45, 46, 47, 52, 53, 60, 70, 81, 92, 97, 100, 104, 108, 109, 112, 120, 125, 126, 134, 135, 136, 137, 142, 147, 148, 153, 164, 171, 174, 177, 181, 184, 186, 187, 193, 194, 207, 215, 218, 219, 220, 224, 225, 226, 233, 252, 256, 264, 265, 274, 284, 288, 289, 295, 302, 304, 306, 311, 313, 314, 327, 330, 333, 335, 339, 343, 346, 351, 352, 353, 355, 359, 367, 368, 379, 390, 391, 398, 401, 403, 406, 411, 414, 417, 418, 420, 432, 441, 444, 445, 448] 
47 & 573 & [0, 2, 3, 4, 7, 12, 16, 24, 25, 27, 43, 45, 46, 47, 52, 53, 60, 70, 81, 92, 97, 100, 104, 108, 109, 112, 120, 125, 126, 134, 135, 136, 137, 142, 147, 148, 153, 164, 171, 174, 177, 181, 184, 186, 187, 193, 194, 207, 215, 218, 219, 220, 224, 225, 226, 233, 252, 256, 264, 265, 274, 284, 288, 289, 295, 302, 304, 306, 311, 313, 314, 327, 330, 333, 335, 339, 343, 346, 351, 352, 353, 355, 359, 367, 368, 379, 390, 391, 398, 401, 403, 406, 411, 414, 417, 418, 420, 432, 441, 444, 445, 448] 
48 & 573 & [0, 2, 3, 4, 7, 12, 16, 24, 25, 27, 43, 45, 46, 47, 52, 53, 60, 70, 81, 92, 97, 100, 104, 108, 109, 112, 120, 125, 126, 134, 135, 136, 137, 142, 147, 148, 153, 164, 171, 174, 177, 181, 184, 186, 187, 193, 194, 207, 215, 218, 219, 220, 224, 225, 226, 233, 252, 256, 264, 265, 274, 284, 288, 289, 295, 302, 304, 306, 311, 313, 314, 327, 330, 333, 335, 339, 343, 346, 351, 352, 353, 355, 359, 367, 368, 379, 390, 391, 398, 401, 403, 406, 411, 414, 417, 418, 420, 432, 441, 444, 445, 448] 
49 & 573 & [0, 2, 3, 4, 7, 12, 16, 24, 25, 27, 43, 45, 46, 47, 52, 53, 60, 70, 81, 92, 97, 100, 104, 108, 109, 112, 120, 125, 126, 134, 135, 136, 137, 142, 147, 148, 153, 164, 171, 174, 177, 181, 184, 186, 187, 193, 194, 207, 215, 218, 219, 220, 224, 225, 226, 233, 252, 256, 264, 265, 274, 284, 288, 289, 295, 302, 304, 306, 311, 313, 314, 327, 330, 333, 335, 339, 343, 346, 351, 352, 353, 355, 359, 367, 368, 379, 390, 391, 398, 401, 403, 406, 411, 414, 417, 418, 420, 432, 441, 444, 445, 448] 
50 & 573 & [0, 2, 3, 4, 7, 12, 16, 24, 25, 27, 43, 45, 46, 47, 52, 53, 60, 70, 81, 92, 97, 100, 104, 108, 109, 112, 120, 125, 126, 134, 135, 136, 137, 142, 147, 148, 153, 164, 171, 174, 177, 181, 184, 186, 187, 193, 194, 207, 215, 218, 219, 220, 224, 225, 226, 233, 252, 256, 264, 265, 274, 284, 288, 289, 295, 302, 304, 306, 311, 313, 314, 327, 330, 333, 335, 339, 343, 346, 351, 352, 353, 355, 359, 367, 368, 379, 390, 391, 398, 401, 403, 406, 411, 414, 417, 418, 420, 432, 441, 444, 445, 448] 
51 & 573 & [0, 2, 3, 4, 7, 12, 16, 24, 25, 27, 43, 45, 46, 47, 52, 53, 60, 70, 81, 92, 97, 100, 104, 108, 109, 112, 120, 125, 126, 134, 135, 136, 137, 142, 147, 148, 153, 164, 171, 174, 177, 181, 184, 186, 187, 193, 194, 207, 215, 218, 219, 220, 224, 225, 226, 233, 252, 256, 264, 265, 274, 284, 288, 289, 295, 302, 304, 306, 311, 313, 314, 327, 330, 333, 335, 339, 343, 346, 351, 352, 353, 355, 359, 367, 368, 379, 390, 391, 398, 401, 403, 406, 411, 414, 417, 418, 420, 432, 441, 444, 445, 448] 
52 & 573 & [0, 2, 3, 4, 7, 12, 16, 24, 25, 27, 43, 45, 46, 47, 52, 53, 60, 70, 81, 92, 97, 100, 104, 108, 109, 112, 120, 125, 126, 134, 135, 136, 137, 142, 147, 148, 153, 164, 171, 174, 177, 181, 184, 186, 187, 193, 194, 207, 215, 218, 219, 220, 224, 225, 226, 233, 252, 256, 264, 265, 274, 284, 288, 289, 295, 302, 304, 306, 311, 313, 314, 327, 330, 333, 335, 339, 343, 346, 351, 352, 353, 355, 359, 367, 368, 379, 390, 391, 398, 401, 403, 406, 411, 414, 417, 418, 420, 432, 441, 444, 445, 448] 
53 & 573 & [0, 2, 3, 4, 7, 12, 16, 24, 25, 27, 43, 45, 46, 47, 52, 53, 60, 70, 81, 92, 97, 100, 104, 108, 109, 112, 120, 125, 126, 134, 135, 136, 137, 142, 147, 148, 153, 164, 171, 174, 177, 181, 184, 186, 187, 193, 194, 207, 215, 218, 219, 220, 224, 225, 226, 233, 252, 256, 264, 265, 274, 284, 288, 289, 295, 302, 304, 306, 311, 313, 314, 327, 330, 333, 335, 339, 343, 346, 351, 352, 353, 355, 359, 367, 368, 379, 390, 391, 398, 401, 403, 406, 411, 414, 417, 418, 420, 432, 441, 444, 445, 448] 
54 & 573 & [0, 2, 3, 4, 7, 12, 16, 24, 25, 27, 43, 45, 46, 47, 52, 53, 60, 70, 81, 92, 97, 100, 104, 108, 109, 112, 120, 125, 126, 134, 135, 136, 137, 142, 147, 148, 153, 164, 171, 174, 177, 181, 184, 186, 187, 193, 194, 207, 215, 218, 219, 220, 224, 225, 226, 233, 252, 256, 264, 265, 274, 284, 288, 289, 295, 302, 304, 306, 311, 313, 314, 327, 330, 333, 335, 339, 343, 346, 351, 352, 353, 355, 359, 367, 368, 379, 390, 391, 398, 401, 403, 406, 411, 414, 417, 418, 420, 432, 441, 444, 445, 448] 
55 & 573 & [0, 2, 3, 4, 7, 12, 16, 24, 25, 27, 43, 45, 46, 47, 52, 53, 60, 70, 81, 92, 97, 100, 104, 108, 109, 112, 120, 125, 126, 134, 135, 136, 137, 142, 147, 148, 153, 164, 171, 174, 177, 181, 184, 186, 187, 193, 194, 207, 215, 218, 219, 220, 224, 225, 226, 233, 252, 256, 264, 265, 274, 284, 288, 289, 295, 302, 304, 306, 311, 313, 314, 327, 330, 333, 335, 339, 343, 346, 351, 352, 353, 355, 359, 367, 368, 379, 390, 391, 398, 401, 403, 406, 411, 414, 417, 418, 420, 432, 441, 444, 445, 448] 
56 & 573 & [0, 2, 3, 4, 7, 12, 16, 24, 25, 27, 43, 45, 46, 47, 52, 53, 60, 70, 81, 92, 97, 100, 104, 108, 109, 112, 120, 125, 126, 134, 135, 136, 137, 142, 147, 148, 153, 164, 171, 174, 177, 181, 184, 186, 187, 193, 194, 207, 215, 218, 219, 220, 224, 225, 226, 233, 252, 256, 264, 265, 274, 284, 288, 289, 295, 302, 304, 306, 311, 313, 314, 327, 330, 333, 335, 339, 343, 346, 351, 352, 353, 355, 359, 367, 368, 379, 390, 391, 398, 401, 403, 406, 411, 414, 417, 418, 420, 432, 441, 444, 445, 448] 
57 & 573 & [0, 2, 3, 4, 7, 12, 16, 24, 25, 27, 43, 45, 46, 47, 52, 53, 60, 70, 81, 92, 97, 100, 104, 108, 109, 112, 120, 125, 126, 134, 135, 136, 137, 142, 147, 148, 153, 164, 171, 174, 177, 181, 184, 186, 187, 193, 194, 207, 215, 218, 219, 220, 224, 225, 226, 233, 252, 256, 264, 265, 274, 284, 288, 289, 295, 302, 304, 306, 311, 313, 314, 327, 330, 333, 335, 339, 343, 346, 351, 352, 353, 355, 359, 367, 368, 379, 390, 391, 398, 401, 403, 406, 411, 414, 417, 418, 420, 432, 441, 444, 445, 448] 
58 & 573 & [0, 2, 3, 4, 7, 12, 16, 24, 25, 27, 43, 45, 46, 47, 52, 53, 60, 70, 81, 92, 97, 100, 104, 108, 109, 112, 120, 125, 126, 134, 135, 136, 137, 142, 147, 148, 153, 164, 171, 174, 177, 181, 184, 186, 187, 193, 194, 207, 215, 218, 219, 220, 224, 225, 226, 233, 252, 256, 264, 265, 274, 284, 288, 289, 295, 302, 304, 306, 311, 313, 314, 327, 330, 333, 335, 339, 343, 346, 351, 352, 353, 355, 359, 367, 368, 379, 390, 391, 398, 401, 403, 406, 411, 414, 417, 418, 420, 432, 441, 444, 445, 448] 
59 & 573 & [0, 2, 3, 4, 7, 12, 16, 24, 25, 27, 43, 45, 46, 47, 52, 53, 60, 70, 81, 92, 97, 100, 104, 108, 109, 112, 120, 125, 126, 134, 135, 136, 137, 142, 147, 148, 153, 164, 171, 174, 177, 181, 184, 186, 187, 193, 194, 207, 215, 218, 219, 220, 224, 225, 226, 233, 252, 256, 264, 265, 274, 284, 288, 289, 295, 302, 304, 306, 311, 313, 314, 327, 330, 333, 335, 339, 343, 346, 351, 352, 353, 355, 359, 367, 368, 379, 390, 391, 398, 401, 403, 406, 411, 414, 417, 418, 420, 432, 441, 444, 445, 448] 
60 & 573 & [0, 2, 3, 4, 7, 12, 16, 24, 25, 27, 43, 45, 46, 47, 52, 53, 60, 70, 81, 92, 97, 100, 104, 108, 109, 112, 120, 125, 126, 134, 135, 136, 137, 142, 147, 148, 153, 164, 171, 174, 177, 181, 184, 186, 187, 193, 194, 207, 215, 218, 219, 220, 224, 225, 226, 233, 252, 256, 264, 265, 274, 284, 288, 289, 295, 302, 304, 306, 311, 313, 314, 327, 330, 333, 335, 339, 343, 346, 351, 352, 353, 355, 359, 367, 368, 379, 390, 391, 398, 401, 403, 406, 411, 414, 417, 418, 420, 432, 441, 444, 445, 448] 
61 & 573 & [0, 2, 3, 4, 7, 12, 16, 24, 25, 27, 43, 45, 46, 47, 52, 53, 60, 70, 81, 92, 97, 100, 104, 108, 109, 112, 120, 125, 126, 134, 135, 136, 137, 142, 147, 148, 153, 164, 171, 174, 177, 181, 184, 186, 187, 193, 194, 207, 215, 218, 219, 220, 224, 225, 226, 233, 252, 256, 264, 265, 274, 284, 288, 289, 295, 302, 304, 306, 311, 313, 314, 327, 330, 333, 335, 339, 343, 346, 351, 352, 353, 355, 359, 367, 368, 379, 390, 391, 398, 401, 403, 406, 411, 414, 417, 418, 420, 432, 441, 444, 445, 448] 
62 & 573 & [0, 2, 3, 4, 7, 12, 16, 24, 25, 27, 43, 45, 46, 47, 52, 53, 60, 70, 81, 92, 97, 100, 104, 108, 109, 112, 120, 125, 126, 134, 135, 136, 137, 142, 147, 148, 153, 164, 171, 174, 177, 181, 184, 186, 187, 193, 194, 207, 215, 218, 219, 220, 224, 225, 226, 233, 252, 256, 264, 265, 274, 284, 288, 289, 295, 302, 304, 306, 311, 313, 314, 327, 330, 333, 335, 339, 343, 346, 351, 352, 353, 355, 359, 367, 368, 379, 390, 391, 398, 401, 403, 406, 411, 414, 417, 418, 420, 432, 441, 444, 445, 448] 
63 & 573 & [0, 2, 3, 4, 7, 12, 16, 24, 25, 27, 43, 45, 46, 47, 52, 53, 60, 70, 81, 92, 97, 100, 104, 108, 109, 112, 120, 125, 126, 134, 135, 136, 137, 142, 147, 148, 153, 164, 171, 174, 177, 181, 184, 186, 187, 193, 194, 207, 215, 218, 219, 220, 224, 225, 226, 233, 252, 256, 264, 265, 274, 284, 288, 289, 295, 302, 304, 306, 311, 313, 314, 327, 330, 333, 335, 339, 343, 346, 351, 352, 353, 355, 359, 367, 368, 379, 390, 391, 398, 401, 403, 406, 411, 414, 417, 418, 420, 432, 441, 444, 445, 448] 
64 & 573 & [0, 2, 3, 4, 7, 12, 16, 24, 25, 27, 43, 45, 46, 47, 52, 53, 60, 70, 81, 92, 97, 100, 104, 108, 109, 112, 120, 125, 126, 134, 135, 136, 137, 142, 147, 148, 153, 164, 171, 174, 177, 181, 184, 186, 187, 193, 194, 207, 215, 218, 219, 220, 224, 225, 226, 233, 252, 256, 264, 265, 274, 284, 288, 289, 295, 302, 304, 306, 311, 313, 314, 327, 330, 333, 335, 339, 343, 346, 351, 352, 353, 355, 359, 367, 368, 379, 390, 391, 398, 401, 403, 406, 411, 414, 417, 418, 420, 432, 441, 444, 445, 448] 
65 & 573 & [0, 2, 3, 4, 7, 12, 16, 24, 25, 27, 43, 45, 46, 47, 52, 53, 60, 70, 81, 92, 97, 100, 104, 108, 109, 112, 120, 125, 126, 134, 135, 136, 137, 142, 147, 148, 153, 164, 171, 174, 177, 181, 184, 186, 187, 193, 194, 207, 215, 218, 219, 220, 224, 225, 226, 233, 252, 256, 264, 265, 274, 284, 288, 289, 295, 302, 304, 306, 311, 313, 314, 327, 330, 333, 335, 339, 343, 346, 351, 352, 353, 355, 359, 367, 368, 379, 390, 391, 398, 401, 403, 406, 411, 414, 417, 418, 420, 432, 441, 444, 445, 448] 
66 & 573 & [0, 2, 3, 4, 7, 12, 16, 24, 25, 27, 43, 45, 46, 47, 52, 53, 60, 70, 81, 92, 97, 100, 104, 108, 109, 112, 120, 125, 126, 134, 135, 136, 137, 142, 147, 148, 153, 164, 171, 174, 177, 181, 184, 186, 187, 193, 194, 207, 215, 218, 219, 220, 224, 225, 226, 233, 252, 256, 264, 265, 274, 284, 288, 289, 295, 302, 304, 306, 311, 313, 314, 327, 330, 333, 335, 339, 343, 346, 351, 352, 353, 355, 359, 367, 368, 379, 390, 391, 398, 401, 403, 406, 411, 414, 417, 418, 420, 432, 441, 444, 445, 448] 
67 & 573 & [0, 2, 3, 4, 7, 12, 16, 24, 25, 27, 43, 45, 46, 47, 52, 53, 60, 70, 81, 92, 97, 100, 104, 108, 109, 112, 120, 125, 126, 134, 135, 136, 137, 142, 147, 148, 153, 164, 171, 174, 177, 181, 184, 186, 187, 193, 194, 207, 215, 218, 219, 220, 224, 225, 226, 233, 252, 256, 264, 265, 274, 284, 288, 289, 295, 302, 304, 306, 311, 313, 314, 327, 330, 333, 335, 339, 343, 346, 351, 352, 353, 355, 359, 367, 368, 379, 390, 391, 398, 401, 403, 406, 411, 414, 417, 418, 420, 432, 441, 444, 445, 448] 
68 & 573 & [0, 2, 3, 4, 7, 12, 16, 24, 25, 27, 43, 45, 46, 47, 52, 53, 60, 70, 81, 92, 97, 100, 104, 108, 109, 112, 120, 125, 126, 134, 135, 136, 137, 142, 147, 148, 153, 164, 171, 174, 177, 181, 184, 186, 187, 193, 194, 207, 215, 218, 219, 220, 224, 225, 226, 233, 252, 256, 264, 265, 274, 284, 288, 289, 295, 302, 304, 306, 311, 313, 314, 327, 330, 333, 335, 339, 343, 346, 351, 352, 353, 355, 359, 367, 368, 379, 390, 391, 398, 401, 403, 406, 411, 414, 417, 418, 420, 432, 441, 444, 445, 448] 
69 & 573 & [0, 2, 3, 4, 7, 12, 16, 24, 25, 27, 43, 45, 46, 47, 52, 53, 60, 70, 81, 92, 97, 100, 104, 108, 109, 112, 120, 125, 126, 134, 135, 136, 137, 142, 147, 148, 153, 164, 171, 174, 177, 181, 184, 186, 187, 193, 194, 207, 215, 218, 219, 220, 224, 225, 226, 233, 252, 256, 264, 265, 274, 284, 288, 289, 295, 302, 304, 306, 311, 313, 314, 327, 330, 333, 335, 339, 343, 346, 351, 352, 353, 355, 359, 367, 368, 379, 390, 391, 398, 401, 403, 406, 411, 414, 417, 418, 420, 432, 441, 444, 445, 448] 
70 & 573 & [0, 2, 3, 4, 7, 12, 16, 24, 25, 27, 43, 45, 46, 47, 52, 53, 60, 70, 81, 92, 97, 100, 104, 108, 109, 112, 120, 125, 126, 134, 135, 136, 137, 142, 147, 148, 153, 164, 171, 174, 177, 181, 184, 186, 187, 193, 194, 207, 215, 218, 219, 220, 224, 225, 226, 233, 252, 256, 264, 265, 274, 284, 288, 289, 295, 302, 304, 306, 311, 313, 314, 327, 330, 333, 335, 339, 343, 346, 351, 352, 353, 355, 359, 367, 368, 379, 390, 391, 398, 401, 403, 406, 411, 414, 417, 418, 420, 432, 441, 444, 445, 448] 
71 & 573 & [0, 2, 3, 4, 7, 12, 16, 24, 25, 27, 43, 45, 46, 47, 52, 53, 60, 70, 81, 92, 97, 100, 104, 108, 109, 112, 120, 125, 126, 134, 135, 136, 137, 142, 147, 148, 153, 164, 171, 174, 177, 181, 184, 186, 187, 193, 194, 207, 215, 218, 219, 220, 224, 225, 226, 233, 252, 256, 264, 265, 274, 284, 288, 289, 295, 302, 304, 306, 311, 313, 314, 327, 330, 333, 335, 339, 343, 346, 351, 352, 353, 355, 359, 367, 368, 379, 390, 391, 398, 401, 403, 406, 411, 414, 417, 418, 420, 432, 441, 444, 445, 448] 
72 & 573 & [0, 2, 3, 4, 7, 12, 16, 24, 25, 27, 43, 45, 46, 47, 52, 53, 60, 70, 81, 92, 97, 100, 104, 108, 109, 112, 120, 125, 126, 134, 135, 136, 137, 142, 147, 148, 153, 164, 171, 174, 177, 181, 184, 186, 187, 193, 194, 207, 215, 218, 219, 220, 224, 225, 226, 233, 252, 256, 264, 265, 274, 284, 288, 289, 295, 302, 304, 306, 311, 313, 314, 327, 330, 333, 335, 339, 343, 346, 351, 352, 353, 355, 359, 367, 368, 379, 390, 391, 398, 401, 403, 406, 411, 414, 417, 418, 420, 432, 441, 444, 445, 448] 
73 & 573 & [0, 2, 3, 4, 7, 12, 16, 24, 25, 27, 43, 45, 46, 47, 52, 53, 60, 70, 81, 92, 97, 100, 104, 108, 109, 112, 120, 125, 126, 134, 135, 136, 137, 142, 147, 148, 153, 164, 171, 174, 177, 181, 184, 186, 187, 193, 194, 207, 215, 218, 219, 220, 224, 225, 226, 233, 252, 256, 264, 265, 274, 284, 288, 289, 295, 302, 304, 306, 311, 313, 314, 327, 330, 333, 335, 339, 343, 346, 351, 352, 353, 355, 359, 367, 368, 379, 390, 391, 398, 401, 403, 406, 411, 414, 417, 418, 420, 432, 441, 444, 445, 448] 
74 & 573 & [0, 2, 3, 4, 7, 12, 16, 24, 25, 27, 43, 45, 46, 47, 52, 53, 60, 70, 81, 92, 97, 100, 104, 108, 109, 112, 120, 125, 126, 134, 135, 136, 137, 142, 147, 148, 153, 164, 171, 174, 177, 181, 184, 186, 187, 193, 194, 207, 215, 218, 219, 220, 224, 225, 226, 233, 252, 256, 264, 265, 274, 284, 288, 289, 295, 302, 304, 306, 311, 313, 314, 327, 330, 333, 335, 339, 343, 346, 351, 352, 353, 355, 359, 367, 368, 379, 390, 391, 398, 401, 403, 406, 411, 414, 417, 418, 420, 432, 441, 444, 445, 448] 
75 & 573 & [0, 2, 3, 4, 7, 12, 16, 24, 25, 27, 43, 45, 46, 47, 52, 53, 60, 70, 81, 92, 97, 100, 104, 108, 109, 112, 120, 125, 126, 134, 135, 136, 137, 142, 147, 148, 153, 164, 171, 174, 177, 181, 184, 186, 187, 193, 194, 207, 215, 218, 219, 220, 224, 225, 226, 233, 252, 256, 264, 265, 274, 284, 288, 289, 295, 302, 304, 306, 311, 313, 314, 327, 330, 333, 335, 339, 343, 346, 351, 352, 353, 355, 359, 367, 368, 379, 390, 391, 398, 401, 403, 406, 411, 414, 417, 418, 420, 432, 441, 444, 445, 448] 
76 & 573 & [0, 2, 3, 4, 7, 12, 16, 24, 25, 27, 43, 45, 46, 47, 52, 53, 60, 70, 81, 92, 97, 100, 104, 108, 109, 112, 120, 125, 126, 134, 135, 136, 137, 142, 147, 148, 153, 164, 171, 174, 177, 181, 184, 186, 187, 193, 194, 207, 215, 218, 219, 220, 224, 225, 226, 233, 252, 256, 264, 265, 274, 284, 288, 289, 295, 302, 304, 306, 311, 313, 314, 327, 330, 333, 335, 339, 343, 346, 351, 352, 353, 355, 359, 367, 368, 379, 390, 391, 398, 401, 403, 406, 411, 414, 417, 418, 420, 432, 441, 444, 445, 448] 
77 & 573 & [0, 2, 3, 4, 7, 12, 16, 24, 25, 27, 43, 45, 46, 47, 52, 53, 60, 70, 81, 92, 97, 100, 104, 108, 109, 112, 120, 125, 126, 134, 135, 136, 137, 142, 147, 148, 153, 164, 171, 174, 177, 181, 184, 186, 187, 193, 194, 207, 215, 218, 219, 220, 224, 225, 226, 233, 252, 256, 264, 265, 274, 284, 288, 289, 295, 302, 304, 306, 311, 313, 314, 327, 330, 333, 335, 339, 343, 346, 351, 352, 353, 355, 359, 367, 368, 379, 390, 391, 398, 401, 403, 406, 411, 414, 417, 418, 420, 432, 441, 444, 445, 448] 
78 & 573 & [0, 2, 3, 4, 7, 12, 16, 24, 25, 27, 43, 45, 46, 47, 52, 53, 60, 70, 81, 92, 97, 100, 104, 108, 109, 112, 120, 125, 126, 134, 135, 136, 137, 142, 147, 148, 153, 164, 171, 174, 177, 181, 184, 186, 187, 193, 194, 207, 215, 218, 219, 220, 224, 225, 226, 233, 252, 256, 264, 265, 274, 284, 288, 289, 295, 302, 304, 306, 311, 313, 314, 327, 330, 333, 335, 339, 343, 346, 351, 352, 353, 355, 359, 367, 368, 379, 390, 391, 398, 401, 403, 406, 411, 414, 417, 418, 420, 432, 441, 444, 445, 448] 
79 & 573 & [0, 2, 3, 4, 7, 12, 16, 24, 25, 27, 43, 45, 46, 47, 52, 53, 60, 70, 81, 92, 97, 100, 104, 108, 109, 112, 120, 125, 126, 134, 135, 136, 137, 142, 147, 148, 153, 164, 171, 174, 177, 181, 184, 186, 187, 193, 194, 207, 215, 218, 219, 220, 224, 225, 226, 233, 252, 256, 264, 265, 274, 284, 288, 289, 295, 302, 304, 306, 311, 313, 314, 327, 330, 333, 335, 339, 343, 346, 351, 352, 353, 355, 359, 367, 368, 379, 390, 391, 398, 401, 403, 406, 411, 414, 417, 418, 420, 432, 441, 444, 445, 448] 
80 & 573 & [0, 2, 3, 4, 7, 12, 16, 24, 25, 27, 43, 45, 46, 47, 52, 53, 60, 70, 81, 92, 97, 100, 104, 108, 109, 112, 120, 125, 126, 134, 135, 136, 137, 142, 147, 148, 153, 164, 171, 174, 177, 181, 184, 186, 187, 193, 194, 207, 215, 218, 219, 220, 224, 225, 226, 233, 252, 256, 264, 265, 274, 284, 288, 289, 295, 302, 304, 306, 311, 313, 314, 327, 330, 333, 335, 339, 343, 346, 351, 352, 353, 355, 359, 367, 368, 379, 390, 391, 398, 401, 403, 406, 411, 414, 417, 418, 420, 432, 441, 444, 445, 448] 
81 & 573 & [0, 2, 3, 4, 7, 12, 16, 24, 25, 27, 43, 45, 46, 47, 52, 53, 60, 70, 81, 92, 97, 100, 104, 108, 109, 112, 120, 125, 126, 134, 135, 136, 137, 142, 147, 148, 153, 164, 171, 174, 177, 181, 184, 186, 187, 193, 194, 207, 215, 218, 219, 220, 224, 225, 226, 233, 252, 256, 264, 265, 274, 284, 288, 289, 295, 302, 304, 306, 311, 313, 314, 327, 330, 333, 335, 339, 343, 346, 351, 352, 353, 355, 359, 367, 368, 379, 390, 391, 398, 401, 403, 406, 411, 414, 417, 418, 420, 432, 441, 444, 445, 448] 
82 & 573 & [0, 2, 3, 4, 7, 12, 16, 24, 25, 27, 43, 45, 46, 47, 52, 53, 60, 70, 81, 92, 97, 100, 104, 108, 109, 112, 120, 125, 126, 134, 135, 136, 137, 142, 147, 148, 153, 164, 171, 174, 177, 181, 184, 186, 187, 193, 194, 207, 215, 218, 219, 220, 224, 225, 226, 233, 252, 256, 264, 265, 274, 284, 288, 289, 295, 302, 304, 306, 311, 313, 314, 327, 330, 333, 335, 339, 343, 346, 351, 352, 353, 355, 359, 367, 368, 379, 390, 391, 398, 401, 403, 406, 411, 414, 417, 418, 420, 432, 441, 444, 445, 448] 
83 & 573 & [0, 2, 3, 4, 7, 12, 16, 24, 25, 27, 43, 45, 46, 47, 52, 53, 60, 70, 81, 92, 97, 100, 104, 108, 109, 112, 120, 125, 126, 134, 135, 136, 137, 142, 147, 148, 153, 164, 171, 174, 177, 181, 184, 186, 187, 193, 194, 207, 215, 218, 219, 220, 224, 225, 226, 233, 252, 256, 264, 265, 274, 284, 288, 289, 295, 302, 304, 306, 311, 313, 314, 327, 330, 333, 335, 339, 343, 346, 351, 352, 353, 355, 359, 367, 368, 379, 390, 391, 398, 401, 403, 406, 411, 414, 417, 418, 420, 432, 441, 444, 445, 448] 
84 & 573 & [0, 2, 3, 4, 7, 12, 16, 24, 25, 27, 43, 45, 46, 47, 52, 53, 60, 70, 81, 92, 97, 100, 104, 108, 109, 112, 120, 125, 126, 134, 135, 136, 137, 142, 147, 148, 153, 164, 171, 174, 177, 181, 184, 186, 187, 193, 194, 207, 215, 218, 219, 220, 224, 225, 226, 233, 252, 256, 264, 265, 274, 284, 288, 289, 295, 302, 304, 306, 311, 313, 314, 327, 330, 333, 335, 339, 343, 346, 351, 352, 353, 355, 359, 367, 368, 379, 390, 391, 398, 401, 403, 406, 411, 414, 417, 418, 420, 432, 441, 444, 445, 448] 
85 & 573 & [0, 2, 3, 4, 7, 12, 16, 24, 25, 27, 43, 45, 46, 47, 52, 53, 60, 70, 81, 92, 97, 100, 104, 108, 109, 112, 120, 125, 126, 134, 135, 136, 137, 142, 147, 148, 153, 164, 171, 174, 177, 181, 184, 186, 187, 193, 194, 207, 215, 218, 219, 220, 224, 225, 226, 233, 252, 256, 264, 265, 274, 284, 288, 289, 295, 302, 304, 306, 311, 313, 314, 327, 330, 333, 335, 339, 343, 346, 351, 352, 353, 355, 359, 367, 368, 379, 390, 391, 398, 401, 403, 406, 411, 414, 417, 418, 420, 432, 441, 444, 445, 448] 
86 & 573 & [0, 2, 3, 4, 7, 12, 16, 24, 25, 27, 43, 45, 46, 47, 52, 53, 60, 70, 81, 92, 97, 100, 104, 108, 109, 112, 120, 125, 126, 134, 135, 136, 137, 142, 147, 148, 153, 164, 171, 174, 177, 181, 184, 186, 187, 193, 194, 207, 215, 218, 219, 220, 224, 225, 226, 233, 252, 256, 264, 265, 274, 284, 288, 289, 295, 302, 304, 306, 311, 313, 314, 327, 330, 333, 335, 339, 343, 346, 351, 352, 353, 355, 359, 367, 368, 379, 390, 391, 398, 401, 403, 406, 411, 414, 417, 418, 420, 432, 441, 444, 445, 448] 
87 & 573 & [0, 2, 3, 4, 7, 12, 16, 24, 25, 27, 43, 45, 46, 47, 52, 53, 60, 70, 81, 92, 97, 100, 104, 108, 109, 112, 120, 125, 126, 134, 135, 136, 137, 142, 147, 148, 153, 164, 171, 174, 177, 181, 184, 186, 187, 193, 194, 207, 215, 218, 219, 220, 224, 225, 226, 233, 252, 256, 264, 265, 274, 284, 288, 289, 295, 302, 304, 306, 311, 313, 314, 327, 330, 333, 335, 339, 343, 346, 351, 352, 353, 355, 359, 367, 368, 379, 390, 391, 398, 401, 403, 406, 411, 414, 417, 418, 420, 432, 441, 444, 445, 448] 
88 & 573 & [0, 2, 3, 4, 7, 12, 16, 24, 25, 27, 43, 45, 46, 47, 52, 53, 60, 70, 81, 92, 97, 100, 104, 108, 109, 112, 120, 125, 126, 134, 135, 136, 137, 142, 147, 148, 153, 164, 171, 174, 177, 181, 184, 186, 187, 193, 194, 207, 215, 218, 219, 220, 224, 225, 226, 233, 252, 256, 264, 265, 274, 284, 288, 289, 295, 302, 304, 306, 311, 313, 314, 327, 330, 333, 335, 339, 343, 346, 351, 352, 353, 355, 359, 367, 368, 379, 390, 391, 398, 401, 403, 406, 411, 414, 417, 418, 420, 432, 441, 444, 445, 448] 
89 & 573 & [0, 2, 3, 4, 7, 12, 16, 24, 25, 27, 43, 45, 46, 47, 52, 53, 60, 70, 81, 92, 97, 100, 104, 108, 109, 112, 120, 125, 126, 134, 135, 136, 137, 142, 147, 148, 153, 164, 171, 174, 177, 181, 184, 186, 187, 193, 194, 207, 215, 218, 219, 220, 224, 225, 226, 233, 252, 256, 264, 265, 274, 284, 288, 289, 295, 302, 304, 306, 311, 313, 314, 327, 330, 333, 335, 339, 343, 346, 351, 352, 353, 355, 359, 367, 368, 379, 390, 391, 398, 401, 403, 406, 411, 414, 417, 418, 420, 432, 441, 444, 445, 448] 
90 & 573 & [0, 2, 3, 4, 7, 12, 16, 24, 25, 27, 43, 45, 46, 47, 52, 53, 60, 70, 81, 92, 97, 100, 104, 108, 109, 112, 120, 125, 126, 134, 135, 136, 137, 142, 147, 148, 153, 164, 171, 174, 177, 181, 184, 186, 187, 193, 194, 207, 215, 218, 219, 220, 224, 225, 226, 233, 252, 256, 264, 265, 274, 284, 288, 289, 295, 302, 304, 306, 311, 313, 314, 327, 330, 333, 335, 339, 343, 346, 351, 352, 353, 355, 359, 367, 368, 379, 390, 391, 398, 401, 403, 406, 411, 414, 417, 418, 420, 432, 441, 444, 445, 448] 
91 & 573 & [0, 2, 3, 4, 7, 12, 16, 24, 25, 27, 43, 45, 46, 47, 52, 53, 60, 70, 81, 92, 97, 100, 104, 108, 109, 112, 120, 125, 126, 134, 135, 136, 137, 142, 147, 148, 153, 164, 171, 174, 177, 181, 184, 186, 187, 193, 194, 207, 215, 218, 219, 220, 224, 225, 226, 233, 252, 256, 264, 265, 274, 284, 288, 289, 295, 302, 304, 306, 311, 313, 314, 327, 330, 333, 335, 339, 343, 346, 351, 352, 353, 355, 359, 367, 368, 379, 390, 391, 398, 401, 403, 406, 411, 414, 417, 418, 420, 432, 441, 444, 445, 448] 
92 & 573 & [0, 2, 3, 4, 7, 12, 16, 24, 25, 27, 43, 45, 46, 47, 52, 53, 60, 70, 81, 92, 97, 100, 104, 108, 109, 112, 120, 125, 126, 134, 135, 136, 137, 142, 147, 148, 153, 164, 171, 174, 177, 181, 184, 186, 187, 193, 194, 207, 215, 218, 219, 220, 224, 225, 226, 233, 252, 256, 264, 265, 274, 284, 288, 289, 295, 302, 304, 306, 311, 313, 314, 327, 330, 333, 335, 339, 343, 346, 351, 352, 353, 355, 359, 367, 368, 379, 390, 391, 398, 401, 403, 406, 411, 414, 417, 418, 420, 432, 441, 444, 445, 448] 
93 & 573 & [0, 2, 3, 4, 7, 12, 16, 24, 25, 27, 43, 45, 46, 47, 52, 53, 60, 70, 81, 92, 97, 100, 104, 108, 109, 112, 120, 125, 126, 134, 135, 136, 137, 142, 147, 148, 153, 164, 171, 174, 177, 181, 184, 186, 187, 193, 194, 207, 215, 218, 219, 220, 224, 225, 226, 233, 252, 256, 264, 265, 274, 284, 288, 289, 295, 302, 304, 306, 311, 313, 314, 327, 330, 333, 335, 339, 343, 346, 351, 352, 353, 355, 359, 367, 368, 379, 390, 391, 398, 401, 403, 406, 411, 414, 417, 418, 420, 432, 441, 444, 445, 448] 
94 & 573 & [0, 2, 3, 4, 7, 12, 16, 24, 25, 27, 43, 45, 46, 47, 52, 53, 60, 70, 81, 92, 97, 100, 104, 108, 109, 112, 120, 125, 126, 134, 135, 136, 137, 142, 147, 148, 153, 164, 171, 174, 177, 181, 184, 186, 187, 193, 194, 207, 215, 218, 219, 220, 224, 225, 226, 233, 252, 256, 264, 265, 274, 284, 288, 289, 295, 302, 304, 306, 311, 313, 314, 327, 330, 333, 335, 339, 343, 346, 351, 352, 353, 355, 359, 367, 368, 379, 390, 391, 398, 401, 403, 406, 411, 414, 417, 418, 420, 432, 441, 444, 445, 448] 
95 & 573 & [0, 2, 3, 4, 7, 12, 16, 24, 25, 27, 43, 45, 46, 47, 52, 53, 60, 70, 81, 92, 97, 100, 104, 108, 109, 112, 120, 125, 126, 134, 135, 136, 137, 142, 147, 148, 153, 164, 171, 174, 177, 181, 184, 186, 187, 193, 194, 207, 215, 218, 219, 220, 224, 225, 226, 233, 252, 256, 264, 265, 274, 284, 288, 289, 295, 302, 304, 306, 311, 313, 314, 327, 330, 333, 335, 339, 343, 346, 351, 352, 353, 355, 359, 367, 368, 379, 390, 391, 398, 401, 403, 406, 411, 414, 417, 418, 420, 432, 441, 444, 445, 448] 
96 & 573 & [0, 2, 3, 4, 7, 12, 16, 24, 25, 27, 43, 45, 46, 47, 52, 53, 60, 70, 81, 92, 97, 100, 104, 108, 109, 112, 120, 125, 126, 134, 135, 136, 137, 142, 147, 148, 153, 164, 171, 174, 177, 181, 184, 186, 187, 193, 194, 207, 215, 218, 219, 220, 224, 225, 226, 233, 252, 256, 264, 265, 274, 284, 288, 289, 295, 302, 304, 306, 311, 313, 314, 327, 330, 333, 335, 339, 343, 346, 351, 352, 353, 355, 359, 367, 368, 379, 390, 391, 398, 401, 403, 406, 411, 414, 417, 418, 420, 432, 441, 444, 445, 448] 
97 & 573 & [0, 2, 3, 4, 7, 12, 16, 24, 25, 27, 43, 45, 46, 47, 52, 53, 60, 70, 81, 92, 97, 100, 104, 108, 109, 112, 120, 125, 126, 134, 135, 136, 137, 142, 147, 148, 153, 164, 171, 174, 177, 181, 184, 186, 187, 193, 194, 207, 215, 218, 219, 220, 224, 225, 226, 233, 252, 256, 264, 265, 274, 284, 288, 289, 295, 302, 304, 306, 311, 313, 314, 327, 330, 333, 335, 339, 343, 346, 351, 352, 353, 355, 359, 367, 368, 379, 390, 391, 398, 401, 403, 406, 411, 414, 417, 418, 420, 432, 441, 444, 445, 448] 
98 & 573 & [0, 2, 3, 4, 7, 12, 16, 24, 25, 27, 43, 45, 46, 47, 52, 53, 60, 70, 81, 92, 97, 100, 104, 108, 109, 112, 120, 125, 126, 134, 135, 136, 137, 142, 147, 148, 153, 164, 171, 174, 177, 181, 184, 186, 187, 193, 194, 207, 215, 218, 219, 220, 224, 225, 226, 233, 252, 256, 264, 265, 274, 284, 288, 289, 295, 302, 304, 306, 311, 313, 314, 327, 330, 333, 335, 339, 343, 346, 351, 352, 353, 355, 359, 367, 368, 379, 390, 391, 398, 401, 403, 406, 411, 414, 417, 418, 420, 432, 441, 444, 445, 448] 
99 & 573 & [0, 2, 3, 4, 7, 12, 16, 24, 25, 27, 43, 45, 46, 47, 52, 53, 60, 70, 81, 92, 97, 100, 104, 108, 109, 112, 120, 125, 126, 134, 135, 136, 137, 142, 147, 148, 153, 164, 171, 174, 177, 181, 184, 186, 187, 193, 194, 207, 215, 218, 219, 220, 224, 225, 226, 233, 252, 256, 264, 265, 274, 284, 288, 289, 295, 302, 304, 306, 311, 313, 314, 327, 330, 333, 335, 339, 343, 346, 351, 352, 353, 355, 359, 367, 368, 379, 390, 391, 398, 401, 403, 406, 411, 414, 417, 418, 420, 432, 441, 444, 445, 448] 
100 & 573 & [0, 2, 3, 4, 7, 12, 16, 24, 25, 27, 43, 45, 46, 47, 52, 53, 60, 70, 81, 92, 97, 100, 104, 108, 109, 112, 120, 125, 126, 134, 135, 136, 137, 142, 147, 148, 153, 164, 171, 174, 177, 181, 184, 186, 187, 193, 194, 207, 215, 218, 219, 220, 224, 225, 226, 233, 252, 256, 264, 265, 274, 284, 288, 289, 295, 302, 304, 306, 311, 313, 314, 327, 330, 333, 335, 339, 343, 346, 351, 352, 353, 355, 359, 367, 368, 379, 390, 391, 398, 401, 403, 406, 411, 414, 417, 418, 420, 432, 441, 444, 445, 448] 
100 & 573 & [0, 2, 3, 4, 7, 12, 16, 24, 25, 27, 43, 45, 46, 47, 52, 53, 60, 70, 81, 92, 97, 100, 104, 108, 109, 112, 120, 125, 126, 134, 135, 136, 137, 142, 147, 148, 153, 164, 171, 174, 177, 181, 184, 186, 187, 193, 194, 207, 215, 218, 219, 220, 224, 225, 226, 233, 252, 256, 264, 265, 274, 284, 288, 289, 295, 302, 304, 306, 311, 313, 314, 327, 330, 333, 335, 339, 343, 346, 351, 352, 353, 355, 359, 367, 368, 379, 390, 391, 398, 401, 403, 406, 411, 414, 417, 418, 420, 432, 441, 444, 445, 448] 
101 & 573 & [0, 2, 3, 4, 7, 12, 16, 24, 25, 27, 43, 45, 46, 47, 52, 53, 60, 70, 81, 92, 97, 100, 104, 108, 109, 112, 120, 125, 126, 134, 135, 136, 137, 142, 147, 148, 153, 164, 171, 174, 177, 181, 184, 186, 187, 193, 194, 207, 215, 218, 219, 220, 224, 225, 226, 233, 252, 256, 264, 265, 274, 284, 288, 289, 295, 302, 304, 306, 311, 313, 314, 327, 330, 333, 335, 339, 343, 346, 351, 352, 353, 355, 359, 367, 368, 379, 390, 391, 398, 401, 403, 406, 411, 414, 417, 418, 420, 432, 441, 444, 445, 448] 
102 & 573 & [0, 2, 3, 4, 7, 12, 16, 24, 25, 27, 43, 45, 46, 47, 52, 53, 60, 70, 81, 92, 97, 100, 104, 108, 109, 112, 120, 125, 126, 134, 135, 136, 137, 142, 147, 148, 153, 164, 171, 174, 177, 181, 184, 186, 187, 193, 194, 207, 215, 218, 219, 220, 224, 225, 226, 233, 252, 256, 264, 265, 274, 284, 288, 289, 295, 302, 304, 306, 311, 313, 314, 327, 330, 333, 335, 339, 343, 346, 351, 352, 353, 355, 359, 367, 368, 379, 390, 391, 398, 401, 403, 406, 411, 414, 417, 418, 420, 432, 441, 444, 445, 448] 
103 & 573 & [0, 2, 3, 4, 7, 12, 16, 24, 25, 27, 43, 45, 46, 47, 52, 53, 60, 70, 81, 92, 97, 100, 104, 108, 109, 112, 120, 125, 126, 134, 135, 136, 137, 142, 147, 148, 153, 164, 171, 174, 177, 181, 184, 186, 187, 193, 194, 207, 215, 218, 219, 220, 224, 225, 226, 233, 252, 256, 264, 265, 274, 284, 288, 289, 295, 302, 304, 306, 311, 313, 314, 327, 330, 333, 335, 339, 343, 346, 351, 352, 353, 355, 359, 367, 368, 379, 390, 391, 398, 401, 403, 406, 411, 414, 417, 418, 420, 432, 441, 444, 445, 448] 
104 & 573 & [0, 2, 3, 4, 7, 12, 16, 24, 25, 27, 43, 45, 46, 47, 52, 53, 60, 70, 81, 92, 97, 100, 104, 108, 109, 112, 120, 125, 126, 134, 135, 136, 137, 142, 147, 148, 153, 164, 171, 174, 177, 181, 184, 186, 187, 193, 194, 207, 215, 218, 219, 220, 224, 225, 226, 233, 252, 256, 264, 265, 274, 284, 288, 289, 295, 302, 304, 306, 311, 313, 314, 327, 330, 333, 335, 339, 343, 346, 351, 352, 353, 355, 359, 367, 368, 379, 390, 391, 398, 401, 403, 406, 411, 414, 417, 418, 420, 432, 441, 444, 445, 448] 
105 & 573 & [0, 2, 3, 4, 7, 12, 16, 24, 25, 27, 43, 45, 46, 47, 52, 53, 60, 70, 81, 92, 97, 100, 104, 108, 109, 112, 120, 125, 126, 134, 135, 136, 137, 142, 147, 148, 153, 164, 171, 174, 177, 181, 184, 186, 187, 193, 194, 207, 215, 218, 219, 220, 224, 225, 226, 233, 252, 256, 264, 265, 274, 284, 288, 289, 295, 302, 304, 306, 311, 313, 314, 327, 330, 333, 335, 339, 343, 346, 351, 352, 353, 355, 359, 367, 368, 379, 390, 391, 398, 401, 403, 406, 411, 414, 417, 418, 420, 432, 441, 444, 445, 448] 
106 & 573 & [0, 2, 3, 4, 7, 12, 16, 24, 25, 27, 43, 45, 46, 47, 52, 53, 60, 70, 81, 92, 97, 100, 104, 108, 109, 112, 120, 125, 126, 134, 135, 136, 137, 142, 147, 148, 153, 164, 171, 174, 177, 181, 184, 186, 187, 193, 194, 207, 215, 218, 219, 220, 224, 225, 226, 233, 252, 256, 264, 265, 274, 284, 288, 289, 295, 302, 304, 306, 311, 313, 314, 327, 330, 333, 335, 339, 343, 346, 351, 352, 353, 355, 359, 367, 368, 379, 390, 391, 398, 401, 403, 406, 411, 414, 417, 418, 420, 432, 441, 444, 445, 448] 
107 & 573 & [0, 2, 3, 4, 7, 12, 16, 24, 25, 27, 43, 45, 46, 47, 52, 53, 60, 70, 81, 92, 97, 100, 104, 108, 109, 112, 120, 125, 126, 134, 135, 136, 137, 142, 147, 148, 153, 164, 171, 174, 177, 181, 184, 186, 187, 193, 194, 207, 215, 218, 219, 220, 224, 225, 226, 233, 252, 256, 264, 265, 274, 284, 288, 289, 295, 302, 304, 306, 311, 313, 314, 327, 330, 333, 335, 339, 343, 346, 351, 352, 353, 355, 359, 367, 368, 379, 390, 391, 398, 401, 403, 406, 411, 414, 417, 418, 420, 432, 441, 444, 445, 448] 
108 & 573 & [0, 2, 3, 4, 7, 12, 16, 24, 25, 27, 43, 45, 46, 47, 52, 53, 60, 70, 81, 92, 97, 100, 104, 108, 109, 112, 120, 125, 126, 134, 135, 136, 137, 142, 147, 148, 153, 164, 171, 174, 177, 181, 184, 186, 187, 193, 194, 207, 215, 218, 219, 220, 224, 225, 226, 233, 252, 256, 264, 265, 274, 284, 288, 289, 295, 302, 304, 306, 311, 313, 314, 327, 330, 333, 335, 339, 343, 346, 351, 352, 353, 355, 359, 367, 368, 379, 390, 391, 398, 401, 403, 406, 411, 414, 417, 418, 420, 432, 441, 444, 445, 448] 
109 & 573 & [0, 2, 3, 4, 7, 12, 16, 24, 25, 27, 43, 45, 46, 47, 52, 53, 60, 70, 81, 92, 97, 100, 104, 108, 109, 112, 120, 125, 126, 134, 135, 136, 137, 142, 147, 148, 153, 164, 171, 174, 177, 181, 184, 186, 187, 193, 194, 207, 215, 218, 219, 220, 224, 225, 226, 233, 252, 256, 264, 265, 274, 284, 288, 289, 295, 302, 304, 306, 311, 313, 314, 327, 330, 333, 335, 339, 343, 346, 351, 352, 353, 355, 359, 367, 368, 379, 390, 391, 398, 401, 403, 406, 411, 414, 417, 418, 420, 432, 441, 444, 445, 448] 
110 & 573 & [0, 2, 3, 4, 7, 12, 16, 24, 25, 27, 43, 45, 46, 47, 52, 53, 60, 70, 81, 92, 97, 100, 104, 108, 109, 112, 120, 125, 126, 134, 135, 136, 137, 142, 147, 148, 153, 164, 171, 174, 177, 181, 184, 186, 187, 193, 194, 207, 215, 218, 219, 220, 224, 225, 226, 233, 252, 256, 264, 265, 274, 284, 288, 289, 295, 302, 304, 306, 311, 313, 314, 327, 330, 333, 335, 339, 343, 346, 351, 352, 353, 355, 359, 367, 368, 379, 390, 391, 398, 401, 403, 406, 411, 414, 417, 418, 420, 432, 441, 444, 445, 448] 
111 & 573 & [0, 2, 3, 4, 7, 12, 16, 24, 25, 27, 43, 45, 46, 47, 52, 53, 60, 70, 81, 92, 97, 100, 104, 108, 109, 112, 120, 125, 126, 134, 135, 136, 137, 142, 147, 148, 153, 164, 171, 174, 177, 181, 184, 186, 187, 193, 194, 207, 215, 218, 219, 220, 224, 225, 226, 233, 252, 256, 264, 265, 274, 284, 288, 289, 295, 302, 304, 306, 311, 313, 314, 327, 330, 333, 335, 339, 343, 346, 351, 352, 353, 355, 359, 367, 368, 379, 390, 391, 398, 401, 403, 406, 411, 414, 417, 418, 420, 432, 441, 444, 445, 448] 
112 & 573 & [0, 2, 3, 4, 7, 12, 16, 24, 25, 27, 43, 45, 46, 47, 52, 53, 60, 70, 81, 92, 97, 100, 104, 108, 109, 112, 120, 125, 126, 134, 135, 136, 137, 142, 147, 148, 153, 164, 171, 174, 177, 181, 184, 186, 187, 193, 194, 207, 215, 218, 219, 220, 224, 225, 226, 233, 252, 256, 264, 265, 274, 284, 288, 289, 295, 302, 304, 306, 311, 313, 314, 327, 330, 333, 335, 339, 343, 346, 351, 352, 353, 355, 359, 367, 368, 379, 390, 391, 398, 401, 403, 406, 411, 414, 417, 418, 420, 432, 441, 444, 445, 448] 
113 & 573 & [0, 2, 3, 4, 7, 12, 16, 24, 25, 27, 43, 45, 46, 47, 52, 53, 60, 70, 81, 92, 97, 100, 104, 108, 109, 112, 120, 125, 126, 134, 135, 136, 137, 142, 147, 148, 153, 164, 171, 174, 177, 181, 184, 186, 187, 193, 194, 207, 215, 218, 219, 220, 224, 225, 226, 233, 252, 256, 264, 265, 274, 284, 288, 289, 295, 302, 304, 306, 311, 313, 314, 327, 330, 333, 335, 339, 343, 346, 351, 352, 353, 355, 359, 367, 368, 379, 390, 391, 398, 401, 403, 406, 411, 414, 417, 418, 420, 432, 441, 444, 445, 448] 
114 & 573 & [0, 2, 3, 4, 7, 12, 16, 24, 25, 27, 43, 45, 46, 47, 52, 53, 60, 70, 81, 92, 97, 100, 104, 108, 109, 112, 120, 125, 126, 134, 135, 136, 137, 142, 147, 148, 153, 164, 171, 174, 177, 181, 184, 186, 187, 193, 194, 207, 215, 218, 219, 220, 224, 225, 226, 233, 252, 256, 264, 265, 274, 284, 288, 289, 295, 302, 304, 306, 311, 313, 314, 327, 330, 333, 335, 339, 343, 346, 351, 352, 353, 355, 359, 367, 368, 379, 390, 391, 398, 401, 403, 406, 411, 414, 417, 418, 420, 432, 441, 444, 445, 448] 
115 & 573 & [0, 2, 3, 4, 7, 12, 16, 24, 25, 27, 43, 45, 46, 47, 52, 53, 60, 70, 81, 92, 97, 100, 104, 108, 109, 112, 120, 125, 126, 134, 135, 136, 137, 142, 147, 148, 153, 164, 171, 174, 177, 181, 184, 186, 187, 193, 194, 207, 215, 218, 219, 220, 224, 225, 226, 233, 252, 256, 264, 265, 274, 284, 288, 289, 295, 302, 304, 306, 311, 313, 314, 327, 330, 333, 335, 339, 343, 346, 351, 352, 353, 355, 359, 367, 368, 379, 390, 391, 398, 401, 403, 406, 411, 414, 417, 418, 420, 432, 441, 444, 445, 448] 
116 & 573 & [0, 2, 3, 4, 7, 12, 16, 24, 25, 27, 43, 45, 46, 47, 52, 53, 60, 70, 81, 92, 97, 100, 104, 108, 109, 112, 120, 125, 126, 134, 135, 136, 137, 142, 147, 148, 153, 164, 171, 174, 177, 181, 184, 186, 187, 193, 194, 207, 215, 218, 219, 220, 224, 225, 226, 233, 252, 256, 264, 265, 274, 284, 288, 289, 295, 302, 304, 306, 311, 313, 314, 327, 330, 333, 335, 339, 343, 346, 351, 352, 353, 355, 359, 367, 368, 379, 390, 391, 398, 401, 403, 406, 411, 414, 417, 418, 420, 432, 441, 444, 445, 448] 
117 & 573 & [0, 2, 3, 4, 7, 12, 16, 24, 25, 27, 43, 45, 46, 47, 52, 53, 60, 70, 81, 92, 97, 100, 104, 108, 109, 112, 120, 125, 126, 134, 135, 136, 137, 142, 147, 148, 153, 164, 171, 174, 177, 181, 184, 186, 187, 193, 194, 207, 215, 218, 219, 220, 224, 225, 226, 233, 252, 256, 264, 265, 274, 284, 288, 289, 295, 302, 304, 306, 311, 313, 314, 327, 330, 333, 335, 339, 343, 346, 351, 352, 353, 355, 359, 367, 368, 379, 390, 391, 398, 401, 403, 406, 411, 414, 417, 418, 420, 432, 441, 444, 445, 448] 
118 & 573 & [0, 2, 3, 4, 7, 12, 16, 24, 25, 27, 43, 45, 46, 47, 52, 53, 60, 70, 81, 92, 97, 100, 104, 108, 109, 112, 120, 125, 126, 134, 135, 136, 137, 142, 147, 148, 153, 164, 171, 174, 177, 181, 184, 186, 187, 193, 194, 207, 215, 218, 219, 220, 224, 225, 226, 233, 252, 256, 264, 265, 274, 284, 288, 289, 295, 302, 304, 306, 311, 313, 314, 327, 330, 333, 335, 339, 343, 346, 351, 352, 353, 355, 359, 367, 368, 379, 390, 391, 398, 401, 403, 406, 411, 414, 417, 418, 420, 432, 441, 444, 445, 448] 
119 & 573 & [0, 2, 3, 4, 7, 12, 16, 24, 25, 27, 43, 45, 46, 47, 52, 53, 60, 70, 81, 92, 97, 100, 104, 108, 109, 112, 120, 125, 126, 134, 135, 136, 137, 142, 147, 148, 153, 164, 171, 174, 177, 181, 184, 186, 187, 193, 194, 207, 215, 218, 219, 220, 224, 225, 226, 233, 252, 256, 264, 265, 274, 284, 288, 289, 295, 302, 304, 306, 311, 313, 314, 327, 330, 333, 335, 339, 343, 346, 351, 352, 353, 355, 359, 367, 368, 379, 390, 391, 398, 401, 403, 406, 411, 414, 417, 418, 420, 432, 441, 444, 445, 448] 
120 & 573 & [0, 2, 3, 4, 7, 12, 16, 24, 25, 27, 43, 45, 46, 47, 52, 53, 60, 70, 81, 92, 97, 100, 104, 108, 109, 112, 120, 125, 126, 134, 135, 136, 137, 142, 147, 148, 153, 164, 171, 174, 177, 181, 184, 186, 187, 193, 194, 207, 215, 218, 219, 220, 224, 225, 226, 233, 252, 256, 264, 265, 274, 284, 288, 289, 295, 302, 304, 306, 311, 313, 314, 327, 330, 333, 335, 339, 343, 346, 351, 352, 353, 355, 359, 367, 368, 379, 390, 391, 398, 401, 403, 406, 411, 414, 417, 418, 420, 432, 441, 444, 445, 448] 
121 & 573 & [0, 2, 3, 4, 7, 12, 16, 24, 25, 27, 43, 45, 46, 47, 52, 53, 60, 70, 81, 92, 97, 100, 104, 108, 109, 112, 120, 125, 126, 134, 135, 136, 137, 142, 147, 148, 153, 164, 171, 174, 177, 181, 184, 186, 187, 193, 194, 207, 215, 218, 219, 220, 224, 225, 226, 233, 252, 256, 264, 265, 274, 284, 288, 289, 295, 302, 304, 306, 311, 313, 314, 327, 330, 333, 335, 339, 343, 346, 351, 352, 353, 355, 359, 367, 368, 379, 390, 391, 398, 401, 403, 406, 411, 414, 417, 418, 420, 432, 441, 444, 445, 448] 
122 & 573 & [0, 2, 3, 4, 7, 12, 16, 24, 25, 27, 43, 45, 46, 47, 52, 53, 60, 70, 81, 92, 97, 100, 104, 108, 109, 112, 120, 125, 126, 134, 135, 136, 137, 142, 147, 148, 153, 164, 171, 174, 177, 181, 184, 186, 187, 193, 194, 207, 215, 218, 219, 220, 224, 225, 226, 233, 252, 256, 264, 265, 274, 284, 288, 289, 295, 302, 304, 306, 311, 313, 314, 327, 330, 333, 335, 339, 343, 346, 351, 352, 353, 355, 359, 367, 368, 379, 390, 391, 398, 401, 403, 406, 411, 414, 417, 418, 420, 432, 441, 444, 445, 448] 
123 & 573 & [0, 2, 3, 4, 7, 12, 16, 24, 25, 27, 43, 45, 46, 47, 52, 53, 60, 70, 81, 92, 97, 100, 104, 108, 109, 112, 120, 125, 126, 134, 135, 136, 137, 142, 147, 148, 153, 164, 171, 174, 177, 181, 184, 186, 187, 193, 194, 207, 215, 218, 219, 220, 224, 225, 226, 233, 252, 256, 264, 265, 274, 284, 288, 289, 295, 302, 304, 306, 311, 313, 314, 327, 330, 333, 335, 339, 343, 346, 351, 352, 353, 355, 359, 367, 368, 379, 390, 391, 398, 401, 403, 406, 411, 414, 417, 418, 420, 432, 441, 444, 445, 448] 
124 & 573 & [0, 2, 3, 4, 7, 12, 16, 24, 25, 27, 43, 45, 46, 47, 52, 53, 60, 70, 81, 92, 97, 100, 104, 108, 109, 112, 120, 125, 126, 134, 135, 136, 137, 142, 147, 148, 153, 164, 171, 174, 177, 181, 184, 186, 187, 193, 194, 207, 215, 218, 219, 220, 224, 225, 226, 233, 252, 256, 264, 265, 274, 284, 288, 289, 295, 302, 304, 306, 311, 313, 314, 327, 330, 333, 335, 339, 343, 346, 351, 352, 353, 355, 359, 367, 368, 379, 390, 391, 398, 401, 403, 406, 411, 414, 417, 418, 420, 432, 441, 444, 445, 448] 
125 & 573 & [0, 2, 3, 4, 7, 12, 16, 24, 25, 27, 43, 45, 46, 47, 52, 53, 60, 70, 81, 92, 97, 100, 104, 108, 109, 112, 120, 125, 126, 134, 135, 136, 137, 142, 147, 148, 153, 164, 171, 174, 177, 181, 184, 186, 187, 193, 194, 207, 215, 218, 219, 220, 224, 225, 226, 233, 252, 256, 264, 265, 274, 284, 288, 289, 295, 302, 304, 306, 311, 313, 314, 327, 330, 333, 335, 339, 343, 346, 351, 352, 353, 355, 359, 367, 368, 379, 390, 391, 398, 401, 403, 406, 411, 414, 417, 418, 420, 432, 441, 444, 445, 448] 
126 & 573 & [0, 2, 3, 4, 7, 12, 16, 24, 25, 27, 43, 45, 46, 47, 52, 53, 60, 70, 81, 92, 97, 100, 104, 108, 109, 112, 120, 125, 126, 134, 135, 136, 137, 142, 147, 148, 153, 164, 171, 174, 177, 181, 184, 186, 187, 193, 194, 207, 215, 218, 219, 220, 224, 225, 226, 233, 252, 256, 264, 265, 274, 284, 288, 289, 295, 302, 304, 306, 311, 313, 314, 327, 330, 333, 335, 339, 343, 346, 351, 352, 353, 355, 359, 367, 368, 379, 390, 391, 398, 401, 403, 406, 411, 414, 417, 418, 420, 432, 441, 444, 445, 448] 
127 & 573 & [0, 2, 3, 4, 7, 12, 16, 24, 25, 27, 43, 45, 46, 47, 52, 53, 60, 70, 81, 92, 97, 100, 104, 108, 109, 112, 120, 125, 126, 134, 135, 136, 137, 142, 147, 148, 153, 164, 171, 174, 177, 181, 184, 186, 187, 193, 194, 207, 215, 218, 219, 220, 224, 225, 226, 233, 252, 256, 264, 265, 274, 284, 288, 289, 295, 302, 304, 306, 311, 313, 314, 327, 330, 333, 335, 339, 343, 346, 351, 352, 353, 355, 359, 367, 368, 379, 390, 391, 398, 401, 403, 406, 411, 414, 417, 418, 420, 432, 441, 444, 445, 448] 
128 & 573 & [0, 2, 3, 4, 7, 12, 16, 24, 25, 27, 43, 45, 46, 47, 52, 53, 60, 70, 81, 92, 97, 100, 104, 108, 109, 112, 120, 125, 126, 134, 135, 136, 137, 142, 147, 148, 153, 164, 171, 174, 177, 181, 184, 186, 187, 193, 194, 207, 215, 218, 219, 220, 224, 225, 226, 233, 252, 256, 264, 265, 274, 284, 288, 289, 295, 302, 304, 306, 311, 313, 314, 327, 330, 333, 335, 339, 343, 346, 351, 352, 353, 355, 359, 367, 368, 379, 390, 391, 398, 401, 403, 406, 411, 414, 417, 418, 420, 432, 441, 444, 445, 448] 
129 & 573 & [0, 2, 3, 4, 7, 12, 16, 24, 25, 27, 43, 45, 46, 47, 52, 53, 60, 70, 81, 92, 97, 100, 104, 108, 109, 112, 120, 125, 126, 134, 135, 136, 137, 142, 147, 148, 153, 164, 171, 174, 177, 181, 184, 186, 187, 193, 194, 207, 215, 218, 219, 220, 224, 225, 226, 233, 252, 256, 264, 265, 274, 284, 288, 289, 295, 302, 304, 306, 311, 313, 314, 327, 330, 333, 335, 339, 343, 346, 351, 352, 353, 355, 359, 367, 368, 379, 390, 391, 398, 401, 403, 406, 411, 414, 417, 418, 420, 432, 441, 444, 445, 448] 
130 & 573 & [0, 2, 3, 4, 7, 12, 16, 24, 25, 27, 43, 45, 46, 47, 52, 53, 60, 70, 81, 92, 97, 100, 104, 108, 109, 112, 120, 125, 126, 134, 135, 136, 137, 142, 147, 148, 153, 164, 171, 174, 177, 181, 184, 186, 187, 193, 194, 207, 215, 218, 219, 220, 224, 225, 226, 233, 252, 256, 264, 265, 274, 284, 288, 289, 295, 302, 304, 306, 311, 313, 314, 327, 330, 333, 335, 339, 343, 346, 351, 352, 353, 355, 359, 367, 368, 379, 390, 391, 398, 401, 403, 406, 411, 414, 417, 418, 420, 432, 441, 444, 445, 448] 
131 & 573 & [0, 2, 3, 4, 7, 12, 16, 24, 25, 27, 43, 45, 46, 47, 52, 53, 60, 70, 81, 92, 97, 100, 104, 108, 109, 112, 120, 125, 126, 134, 135, 136, 137, 142, 147, 148, 153, 164, 171, 174, 177, 181, 184, 186, 187, 193, 194, 207, 215, 218, 219, 220, 224, 225, 226, 233, 252, 256, 264, 265, 274, 284, 288, 289, 295, 302, 304, 306, 311, 313, 314, 327, 330, 333, 335, 339, 343, 346, 351, 352, 353, 355, 359, 367, 368, 379, 390, 391, 398, 401, 403, 406, 411, 414, 417, 418, 420, 432, 441, 444, 445, 448] 
132 & 573 & [0, 2, 3, 4, 7, 12, 16, 24, 25, 27, 43, 45, 46, 47, 52, 53, 60, 70, 81, 92, 97, 100, 104, 108, 109, 112, 120, 125, 126, 134, 135, 136, 137, 142, 147, 148, 153, 164, 171, 174, 177, 181, 184, 186, 187, 193, 194, 207, 215, 218, 219, 220, 224, 225, 226, 233, 252, 256, 264, 265, 274, 284, 288, 289, 295, 302, 304, 306, 311, 313, 314, 327, 330, 333, 335, 339, 343, 346, 351, 352, 353, 355, 359, 367, 368, 379, 390, 391, 398, 401, 403, 406, 411, 414, 417, 418, 420, 432, 441, 444, 445, 448] 
133 & 573 & [0, 2, 3, 4, 7, 12, 16, 24, 25, 27, 43, 45, 46, 47, 52, 53, 60, 70, 81, 92, 97, 100, 104, 108, 109, 112, 120, 125, 126, 134, 135, 136, 137, 142, 147, 148, 153, 164, 171, 174, 177, 181, 184, 186, 187, 193, 194, 207, 215, 218, 219, 220, 224, 225, 226, 233, 252, 256, 264, 265, 274, 284, 288, 289, 295, 302, 304, 306, 311, 313, 314, 327, 330, 333, 335, 339, 343, 346, 351, 352, 353, 355, 359, 367, 368, 379, 390, 391, 398, 401, 403, 406, 411, 414, 417, 418, 420, 432, 441, 444, 445, 448] 
134 & 573 & [0, 2, 3, 4, 7, 12, 16, 24, 25, 27, 43, 45, 46, 47, 52, 53, 60, 70, 81, 92, 97, 100, 104, 108, 109, 112, 120, 125, 126, 134, 135, 136, 137, 142, 147, 148, 153, 164, 171, 174, 177, 181, 184, 186, 187, 193, 194, 207, 215, 218, 219, 220, 224, 225, 226, 233, 252, 256, 264, 265, 274, 284, 288, 289, 295, 302, 304, 306, 311, 313, 314, 327, 330, 333, 335, 339, 343, 346, 351, 352, 353, 355, 359, 367, 368, 379, 390, 391, 398, 401, 403, 406, 411, 414, 417, 418, 420, 432, 441, 444, 445, 448] 
135 & 573 & [0, 2, 3, 4, 7, 12, 16, 24, 25, 27, 43, 45, 46, 47, 52, 53, 60, 70, 81, 92, 97, 100, 104, 108, 109, 112, 120, 125, 126, 134, 135, 136, 137, 142, 147, 148, 153, 164, 171, 174, 177, 181, 184, 186, 187, 193, 194, 207, 215, 218, 219, 220, 224, 225, 226, 233, 252, 256, 264, 265, 274, 284, 288, 289, 295, 302, 304, 306, 311, 313, 314, 327, 330, 333, 335, 339, 343, 346, 351, 352, 353, 355, 359, 367, 368, 379, 390, 391, 398, 401, 403, 406, 411, 414, 417, 418, 420, 432, 441, 444, 445, 448] 
136 & 573 & [0, 2, 3, 4, 7, 12, 16, 24, 25, 27, 43, 45, 46, 47, 52, 53, 60, 70, 81, 92, 97, 100, 104, 108, 109, 112, 120, 125, 126, 134, 135, 136, 137, 142, 147, 148, 153, 164, 171, 174, 177, 181, 184, 186, 187, 193, 194, 207, 215, 218, 219, 220, 224, 225, 226, 233, 252, 256, 264, 265, 274, 284, 288, 289, 295, 302, 304, 306, 311, 313, 314, 327, 330, 333, 335, 339, 343, 346, 351, 352, 353, 355, 359, 367, 368, 379, 390, 391, 398, 401, 403, 406, 411, 414, 417, 418, 420, 432, 441, 444, 445, 448] 
137 & 573 & [0, 2, 3, 4, 7, 12, 16, 24, 25, 27, 43, 45, 46, 47, 52, 53, 60, 70, 81, 92, 97, 100, 104, 108, 109, 112, 120, 125, 126, 134, 135, 136, 137, 142, 147, 148, 153, 164, 171, 174, 177, 181, 184, 186, 187, 193, 194, 207, 215, 218, 219, 220, 224, 225, 226, 233, 252, 256, 264, 265, 274, 284, 288, 289, 295, 302, 304, 306, 311, 313, 314, 327, 330, 333, 335, 339, 343, 346, 351, 352, 353, 355, 359, 367, 368, 379, 390, 391, 398, 401, 403, 406, 411, 414, 417, 418, 420, 432, 441, 444, 445, 448] 
138 & 573 & [0, 2, 3, 4, 7, 12, 16, 24, 25, 27, 43, 45, 46, 47, 52, 53, 60, 70, 81, 92, 97, 100, 104, 108, 109, 112, 120, 125, 126, 134, 135, 136, 137, 142, 147, 148, 153, 164, 171, 174, 177, 181, 184, 186, 187, 193, 194, 207, 215, 218, 219, 220, 224, 225, 226, 233, 252, 256, 264, 265, 274, 284, 288, 289, 295, 302, 304, 306, 311, 313, 314, 327, 330, 333, 335, 339, 343, 346, 351, 352, 353, 355, 359, 367, 368, 379, 390, 391, 398, 401, 403, 406, 411, 414, 417, 418, 420, 432, 441, 444, 445, 448] 
139 & 573 & [0, 2, 3, 4, 7, 12, 16, 24, 25, 27, 43, 45, 46, 47, 52, 53, 60, 70, 81, 92, 97, 100, 104, 108, 109, 112, 120, 125, 126, 134, 135, 136, 137, 142, 147, 148, 153, 164, 171, 174, 177, 181, 184, 186, 187, 193, 194, 207, 215, 218, 219, 220, 224, 225, 226, 233, 252, 256, 264, 265, 274, 284, 288, 289, 295, 302, 304, 306, 311, 313, 314, 327, 330, 333, 335, 339, 343, 346, 351, 352, 353, 355, 359, 367, 368, 379, 390, 391, 398, 401, 403, 406, 411, 414, 417, 418, 420, 432, 441, 444, 445, 448] 
140 & 573 & [0, 2, 3, 4, 7, 12, 16, 24, 25, 27, 43, 45, 46, 47, 52, 53, 60, 70, 81, 92, 97, 100, 104, 108, 109, 112, 120, 125, 126, 134, 135, 136, 137, 142, 147, 148, 153, 164, 171, 174, 177, 181, 184, 186, 187, 193, 194, 207, 215, 218, 219, 220, 224, 225, 226, 233, 252, 256, 264, 265, 274, 284, 288, 289, 295, 302, 304, 306, 311, 313, 314, 327, 330, 333, 335, 339, 343, 346, 351, 352, 353, 355, 359, 367, 368, 379, 390, 391, 398, 401, 403, 406, 411, 414, 417, 418, 420, 432, 441, 444, 445, 448] 
141 & 573 & [0, 2, 3, 4, 7, 12, 16, 24, 25, 27, 43, 45, 46, 47, 52, 53, 60, 70, 81, 92, 97, 100, 104, 108, 109, 112, 120, 125, 126, 134, 135, 136, 137, 142, 147, 148, 153, 164, 171, 174, 177, 181, 184, 186, 187, 193, 194, 207, 215, 218, 219, 220, 224, 225, 226, 233, 252, 256, 264, 265, 274, 284, 288, 289, 295, 302, 304, 306, 311, 313, 314, 327, 330, 333, 335, 339, 343, 346, 351, 352, 353, 355, 359, 367, 368, 379, 390, 391, 398, 401, 403, 406, 411, 414, 417, 418, 420, 432, 441, 444, 445, 448] 
142 & 573 & [0, 2, 3, 4, 7, 12, 16, 24, 25, 27, 43, 45, 46, 47, 52, 53, 60, 70, 81, 92, 97, 100, 104, 108, 109, 112, 120, 125, 126, 134, 135, 136, 137, 142, 147, 148, 153, 164, 171, 174, 177, 181, 184, 186, 187, 193, 194, 207, 215, 218, 219, 220, 224, 225, 226, 233, 252, 256, 264, 265, 274, 284, 288, 289, 295, 302, 304, 306, 311, 313, 314, 327, 330, 333, 335, 339, 343, 346, 351, 352, 353, 355, 359, 367, 368, 379, 390, 391, 398, 401, 403, 406, 411, 414, 417, 418, 420, 432, 441, 444, 445, 448] 
143 & 573 & [0, 2, 3, 4, 7, 12, 16, 24, 25, 27, 43, 45, 46, 47, 52, 53, 60, 70, 81, 92, 97, 100, 104, 108, 109, 112, 120, 125, 126, 134, 135, 136, 137, 142, 147, 148, 153, 164, 171, 174, 177, 181, 184, 186, 187, 193, 194, 207, 215, 218, 219, 220, 224, 225, 226, 233, 252, 256, 264, 265, 274, 284, 288, 289, 295, 302, 304, 306, 311, 313, 314, 327, 330, 333, 335, 339, 343, 346, 351, 352, 353, 355, 359, 367, 368, 379, 390, 391, 398, 401, 403, 406, 411, 414, 417, 418, 420, 432, 441, 444, 445, 448] 
144 & 573 & [0, 2, 3, 4, 7, 12, 16, 24, 25, 27, 43, 45, 46, 47, 52, 53, 60, 70, 81, 92, 97, 100, 104, 108, 109, 112, 120, 125, 126, 134, 135, 136, 137, 142, 147, 148, 153, 164, 171, 174, 177, 181, 184, 186, 187, 193, 194, 207, 215, 218, 219, 220, 224, 225, 226, 233, 252, 256, 264, 265, 274, 284, 288, 289, 295, 302, 304, 306, 311, 313, 314, 327, 330, 333, 335, 339, 343, 346, 351, 352, 353, 355, 359, 367, 368, 379, 390, 391, 398, 401, 403, 406, 411, 414, 417, 418, 420, 432, 441, 444, 445, 448] 
145 & 573 & [0, 2, 3, 4, 7, 12, 16, 24, 25, 27, 43, 45, 46, 47, 52, 53, 60, 70, 81, 92, 97, 100, 104, 108, 109, 112, 120, 125, 126, 134, 135, 136, 137, 142, 147, 148, 153, 164, 171, 174, 177, 181, 184, 186, 187, 193, 194, 207, 215, 218, 219, 220, 224, 225, 226, 233, 252, 256, 264, 265, 274, 284, 288, 289, 295, 302, 304, 306, 311, 313, 314, 327, 330, 333, 335, 339, 343, 346, 351, 352, 353, 355, 359, 367, 368, 379, 390, 391, 398, 401, 403, 406, 411, 414, 417, 418, 420, 432, 441, 444, 445, 448] 
146 & 573 & [0, 2, 3, 4, 7, 12, 16, 24, 25, 27, 43, 45, 46, 47, 52, 53, 60, 70, 81, 92, 97, 100, 104, 108, 109, 112, 120, 125, 126, 134, 135, 136, 137, 142, 147, 148, 153, 164, 171, 174, 177, 181, 184, 186, 187, 193, 194, 207, 215, 218, 219, 220, 224, 225, 226, 233, 252, 256, 264, 265, 274, 284, 288, 289, 295, 302, 304, 306, 311, 313, 314, 327, 330, 333, 335, 339, 343, 346, 351, 352, 353, 355, 359, 367, 368, 379, 390, 391, 398, 401, 403, 406, 411, 414, 417, 418, 420, 432, 441, 444, 445, 448] 
147 & 573 & [0, 2, 3, 4, 7, 12, 16, 24, 25, 27, 43, 45, 46, 47, 52, 53, 60, 70, 81, 92, 97, 100, 104, 108, 109, 112, 120, 125, 126, 134, 135, 136, 137, 142, 147, 148, 153, 164, 171, 174, 177, 181, 184, 186, 187, 193, 194, 207, 215, 218, 219, 220, 224, 225, 226, 233, 252, 256, 264, 265, 274, 284, 288, 289, 295, 302, 304, 306, 311, 313, 314, 327, 330, 333, 335, 339, 343, 346, 351, 352, 353, 355, 359, 367, 368, 379, 390, 391, 398, 401, 403, 406, 411, 414, 417, 418, 420, 432, 441, 444, 445, 448] 
148 & 573 & [0, 2, 3, 4, 7, 12, 16, 24, 25, 27, 43, 45, 46, 47, 52, 53, 60, 70, 81, 92, 97, 100, 104, 108, 109, 112, 120, 125, 126, 134, 135, 136, 137, 142, 147, 148, 153, 164, 171, 174, 177, 181, 184, 186, 187, 193, 194, 207, 215, 218, 219, 220, 224, 225, 226, 233, 252, 256, 264, 265, 274, 284, 288, 289, 295, 302, 304, 306, 311, 313, 314, 327, 330, 333, 335, 339, 343, 346, 351, 352, 353, 355, 359, 367, 368, 379, 390, 391, 398, 401, 403, 406, 411, 414, 417, 418, 420, 432, 441, 444, 445, 448] 
149 & 573 & [0, 2, 3, 4, 7, 12, 16, 24, 25, 27, 43, 45, 46, 47, 52, 53, 60, 70, 81, 92, 97, 100, 104, 108, 109, 112, 120, 125, 126, 134, 135, 136, 137, 142, 147, 148, 153, 164, 171, 174, 177, 181, 184, 186, 187, 193, 194, 207, 215, 218, 219, 220, 224, 225, 226, 233, 252, 256, 264, 265, 274, 284, 288, 289, 295, 302, 304, 306, 311, 313, 314, 327, 330, 333, 335, 339, 343, 346, 351, 352, 353, 355, 359, 367, 368, 379, 390, 391, 398, 401, 403, 406, 411, 414, 417, 418, 420, 432, 441, 444, 445, 448] 
150 & 573 & [0, 2, 3, 4, 7, 12, 16, 24, 25, 27, 43, 45, 46, 47, 52, 53, 60, 70, 81, 92, 97, 100, 104, 108, 109, 112, 120, 125, 126, 134, 135, 136, 137, 142, 147, 148, 153, 164, 171, 174, 177, 181, 184, 186, 187, 193, 194, 207, 215, 218, 219, 220, 224, 225, 226, 233, 252, 256, 264, 265, 274, 284, 288, 289, 295, 302, 304, 306, 311, 313, 314, 327, 330, 333, 335, 339, 343, 346, 351, 352, 353, 355, 359, 367, 368, 379, 390, 391, 398, 401, 403, 406, 411, 414, 417, 418, 420, 432, 441, 444, 445, 448] 
151 & 573 & [0, 2, 3, 4, 7, 12, 16, 24, 25, 27, 43, 45, 46, 47, 52, 53, 60, 70, 81, 92, 97, 100, 104, 108, 109, 112, 120, 125, 126, 134, 135, 136, 137, 142, 147, 148, 153, 164, 171, 174, 177, 181, 184, 186, 187, 193, 194, 207, 215, 218, 219, 220, 224, 225, 226, 233, 252, 256, 264, 265, 274, 284, 288, 289, 295, 302, 304, 306, 311, 313, 314, 327, 330, 333, 335, 339, 343, 346, 351, 352, 353, 355, 359, 367, 368, 379, 390, 391, 398, 401, 403, 406, 411, 414, 417, 418, 420, 432, 441, 444, 445, 448] 
152 & 573 & [0, 2, 3, 4, 7, 12, 16, 24, 25, 27, 43, 45, 46, 47, 52, 53, 60, 70, 81, 92, 97, 100, 104, 108, 109, 112, 120, 125, 126, 134, 135, 136, 137, 142, 147, 148, 153, 164, 171, 174, 177, 181, 184, 186, 187, 193, 194, 207, 215, 218, 219, 220, 224, 225, 226, 233, 252, 256, 264, 265, 274, 284, 288, 289, 295, 302, 304, 306, 311, 313, 314, 327, 330, 333, 335, 339, 343, 346, 351, 352, 353, 355, 359, 367, 368, 379, 390, 391, 398, 401, 403, 406, 411, 414, 417, 418, 420, 432, 441, 444, 445, 448] 
153 & 573 & [0, 2, 3, 4, 7, 12, 16, 24, 25, 27, 43, 45, 46, 47, 52, 53, 60, 70, 81, 92, 97, 100, 104, 108, 109, 112, 120, 125, 126, 134, 135, 136, 137, 142, 147, 148, 153, 164, 171, 174, 177, 181, 184, 186, 187, 193, 194, 207, 215, 218, 219, 220, 224, 225, 226, 233, 252, 256, 264, 265, 274, 284, 288, 289, 295, 302, 304, 306, 311, 313, 314, 327, 330, 333, 335, 339, 343, 346, 351, 352, 353, 355, 359, 367, 368, 379, 390, 391, 398, 401, 403, 406, 411, 414, 417, 418, 420, 432, 441, 444, 445, 448] 
154 & 573 & [0, 2, 3, 4, 7, 12, 16, 24, 25, 27, 43, 45, 46, 47, 52, 53, 60, 70, 81, 92, 97, 100, 104, 108, 109, 112, 120, 125, 126, 134, 135, 136, 137, 142, 147, 148, 153, 164, 171, 174, 177, 181, 184, 186, 187, 193, 194, 207, 215, 218, 219, 220, 224, 225, 226, 233, 252, 256, 264, 265, 274, 284, 288, 289, 295, 302, 304, 306, 311, 313, 314, 327, 330, 333, 335, 339, 343, 346, 351, 352, 353, 355, 359, 367, 368, 379, 390, 391, 398, 401, 403, 406, 411, 414, 417, 418, 420, 432, 441, 444, 445, 448] 
155 & 573 & [0, 2, 3, 4, 7, 12, 16, 24, 25, 27, 43, 45, 46, 47, 52, 53, 60, 70, 81, 92, 97, 100, 104, 108, 109, 112, 120, 125, 126, 134, 135, 136, 137, 142, 147, 148, 153, 164, 171, 174, 177, 181, 184, 186, 187, 193, 194, 207, 215, 218, 219, 220, 224, 225, 226, 233, 252, 256, 264, 265, 274, 284, 288, 289, 295, 302, 304, 306, 311, 313, 314, 327, 330, 333, 335, 339, 343, 346, 351, 352, 353, 355, 359, 367, 368, 379, 390, 391, 398, 401, 403, 406, 411, 414, 417, 418, 420, 432, 441, 444, 445, 448] 
156 & 573 & [0, 2, 3, 4, 7, 12, 16, 24, 25, 27, 43, 45, 46, 47, 52, 53, 60, 70, 81, 92, 97, 100, 104, 108, 109, 112, 120, 125, 126, 134, 135, 136, 137, 142, 147, 148, 153, 164, 171, 174, 177, 181, 184, 186, 187, 193, 194, 207, 215, 218, 219, 220, 224, 225, 226, 233, 252, 256, 264, 265, 274, 284, 288, 289, 295, 302, 304, 306, 311, 313, 314, 327, 330, 333, 335, 339, 343, 346, 351, 352, 353, 355, 359, 367, 368, 379, 390, 391, 398, 401, 403, 406, 411, 414, 417, 418, 420, 432, 441, 444, 445, 448] 
157 & 573 & [0, 2, 3, 4, 7, 12, 16, 24, 25, 27, 43, 45, 46, 47, 52, 53, 60, 70, 81, 92, 97, 100, 104, 108, 109, 112, 120, 125, 126, 134, 135, 136, 137, 142, 147, 148, 153, 164, 171, 174, 177, 181, 184, 186, 187, 193, 194, 207, 215, 218, 219, 220, 224, 225, 226, 233, 252, 256, 264, 265, 274, 284, 288, 289, 295, 302, 304, 306, 311, 313, 314, 327, 330, 333, 335, 339, 343, 346, 351, 352, 353, 355, 359, 367, 368, 379, 390, 391, 398, 401, 403, 406, 411, 414, 417, 418, 420, 432, 441, 444, 445, 448] 
158 & 573 & [0, 2, 3, 4, 7, 12, 16, 24, 25, 27, 43, 45, 46, 47, 52, 53, 60, 70, 81, 92, 97, 100, 104, 108, 109, 112, 120, 125, 126, 134, 135, 136, 137, 142, 147, 148, 153, 164, 171, 174, 177, 181, 184, 186, 187, 193, 194, 207, 215, 218, 219, 220, 224, 225, 226, 233, 252, 256, 264, 265, 274, 284, 288, 289, 295, 302, 304, 306, 311, 313, 314, 327, 330, 333, 335, 339, 343, 346, 351, 352, 353, 355, 359, 367, 368, 379, 390, 391, 398, 401, 403, 406, 411, 414, 417, 418, 420, 432, 441, 444, 445, 448] 
159 & 573 & [0, 2, 3, 4, 7, 12, 16, 24, 25, 27, 43, 45, 46, 47, 52, 53, 60, 70, 81, 92, 97, 100, 104, 108, 109, 112, 120, 125, 126, 134, 135, 136, 137, 142, 147, 148, 153, 164, 171, 174, 177, 181, 184, 186, 187, 193, 194, 207, 215, 218, 219, 220, 224, 225, 226, 233, 252, 256, 264, 265, 274, 284, 288, 289, 295, 302, 304, 306, 311, 313, 314, 327, 330, 333, 335, 339, 343, 346, 351, 352, 353, 355, 359, 367, 368, 379, 390, 391, 398, 401, 403, 406, 411, 414, 417, 418, 420, 432, 441, 444, 445, 448] 
160 & 573 & [0, 2, 3, 4, 7, 12, 16, 24, 25, 27, 43, 45, 46, 47, 52, 53, 60, 70, 81, 92, 97, 100, 104, 108, 109, 112, 120, 125, 126, 134, 135, 136, 137, 142, 147, 148, 153, 164, 171, 174, 177, 181, 184, 186, 187, 193, 194, 207, 215, 218, 219, 220, 224, 225, 226, 233, 252, 256, 264, 265, 274, 284, 288, 289, 295, 302, 304, 306, 311, 313, 314, 327, 330, 333, 335, 339, 343, 346, 351, 352, 353, 355, 359, 367, 368, 379, 390, 391, 398, 401, 403, 406, 411, 414, 417, 418, 420, 432, 441, 444, 445, 448] 
161 & 573 & [0, 2, 3, 4, 7, 12, 16, 24, 25, 27, 43, 45, 46, 47, 52, 53, 60, 70, 81, 92, 97, 100, 104, 108, 109, 112, 120, 125, 126, 134, 135, 136, 137, 142, 147, 148, 153, 164, 171, 174, 177, 181, 184, 186, 187, 193, 194, 207, 215, 218, 219, 220, 224, 225, 226, 233, 252, 256, 264, 265, 274, 284, 288, 289, 295, 302, 304, 306, 311, 313, 314, 327, 330, 333, 335, 339, 343, 346, 351, 352, 353, 355, 359, 367, 368, 379, 390, 391, 398, 401, 403, 406, 411, 414, 417, 418, 420, 432, 441, 444, 445, 448] 
162 & 573 & [0, 2, 3, 4, 7, 12, 16, 24, 25, 27, 43, 45, 46, 47, 52, 53, 60, 70, 81, 92, 97, 100, 104, 108, 109, 112, 120, 125, 126, 134, 135, 136, 137, 142, 147, 148, 153, 164, 171, 174, 177, 181, 184, 186, 187, 193, 194, 207, 215, 218, 219, 220, 224, 225, 226, 233, 252, 256, 264, 265, 274, 284, 288, 289, 295, 302, 304, 306, 311, 313, 314, 327, 330, 333, 335, 339, 343, 346, 351, 352, 353, 355, 359, 367, 368, 379, 390, 391, 398, 401, 403, 406, 411, 414, 417, 418, 420, 432, 441, 444, 445, 448] 
163 & 573 & [0, 2, 3, 4, 7, 12, 16, 24, 25, 27, 43, 45, 46, 47, 52, 53, 60, 70, 81, 92, 97, 100, 104, 108, 109, 112, 120, 125, 126, 134, 135, 136, 137, 142, 147, 148, 153, 164, 171, 174, 177, 181, 184, 186, 187, 193, 194, 207, 215, 218, 219, 220, 224, 225, 226, 233, 252, 256, 264, 265, 274, 284, 288, 289, 295, 302, 304, 306, 311, 313, 314, 327, 330, 333, 335, 339, 343, 346, 351, 352, 353, 355, 359, 367, 368, 379, 390, 391, 398, 401, 403, 406, 411, 414, 417, 418, 420, 432, 441, 444, 445, 448] 
164 & 573 & [0, 2, 3, 4, 7, 12, 16, 24, 25, 27, 43, 45, 46, 47, 52, 53, 60, 70, 81, 92, 97, 100, 104, 108, 109, 112, 120, 125, 126, 134, 135, 136, 137, 142, 147, 148, 153, 164, 171, 174, 177, 181, 184, 186, 187, 193, 194, 207, 215, 218, 219, 220, 224, 225, 226, 233, 252, 256, 264, 265, 274, 284, 288, 289, 295, 302, 304, 306, 311, 313, 314, 327, 330, 333, 335, 339, 343, 346, 351, 352, 353, 355, 359, 367, 368, 379, 390, 391, 398, 401, 403, 406, 411, 414, 417, 418, 420, 432, 441, 444, 445, 448] 
165 & 573 & [0, 2, 3, 4, 7, 12, 16, 24, 25, 27, 43, 45, 46, 47, 52, 53, 60, 70, 81, 92, 97, 100, 104, 108, 109, 112, 120, 125, 126, 134, 135, 136, 137, 142, 147, 148, 153, 164, 171, 174, 177, 181, 184, 186, 187, 193, 194, 207, 215, 218, 219, 220, 224, 225, 226, 233, 252, 256, 264, 265, 274, 284, 288, 289, 295, 302, 304, 306, 311, 313, 314, 327, 330, 333, 335, 339, 343, 346, 351, 352, 353, 355, 359, 367, 368, 379, 390, 391, 398, 401, 403, 406, 411, 414, 417, 418, 420, 432, 441, 444, 445, 448] 
166 & 573 & [0, 2, 3, 4, 7, 12, 16, 24, 25, 27, 43, 45, 46, 47, 52, 53, 60, 70, 81, 92, 97, 100, 104, 108, 109, 112, 120, 125, 126, 134, 135, 136, 137, 142, 147, 148, 153, 164, 171, 174, 177, 181, 184, 186, 187, 193, 194, 207, 215, 218, 219, 220, 224, 225, 226, 233, 252, 256, 264, 265, 274, 284, 288, 289, 295, 302, 304, 306, 311, 313, 314, 327, 330, 333, 335, 339, 343, 346, 351, 352, 353, 355, 359, 367, 368, 379, 390, 391, 398, 401, 403, 406, 411, 414, 417, 418, 420, 432, 441, 444, 445, 448] 
167 & 573 & [0, 2, 3, 4, 7, 12, 16, 24, 25, 27, 43, 45, 46, 47, 52, 53, 60, 70, 81, 92, 97, 100, 104, 108, 109, 112, 120, 125, 126, 134, 135, 136, 137, 142, 147, 148, 153, 164, 171, 174, 177, 181, 184, 186, 187, 193, 194, 207, 215, 218, 219, 220, 224, 225, 226, 233, 252, 256, 264, 265, 274, 284, 288, 289, 295, 302, 304, 306, 311, 313, 314, 327, 330, 333, 335, 339, 343, 346, 351, 352, 353, 355, 359, 367, 368, 379, 390, 391, 398, 401, 403, 406, 411, 414, 417, 418, 420, 432, 441, 444, 445, 448] 
168 & 573 & [0, 2, 3, 4, 7, 12, 16, 24, 25, 27, 43, 45, 46, 47, 52, 53, 60, 70, 81, 92, 97, 100, 104, 108, 109, 112, 120, 125, 126, 134, 135, 136, 137, 142, 147, 148, 153, 164, 171, 174, 177, 181, 184, 186, 187, 193, 194, 207, 215, 218, 219, 220, 224, 225, 226, 233, 252, 256, 264, 265, 274, 284, 288, 289, 295, 302, 304, 306, 311, 313, 314, 327, 330, 333, 335, 339, 343, 346, 351, 352, 353, 355, 359, 367, 368, 379, 390, 391, 398, 401, 403, 406, 411, 414, 417, 418, 420, 432, 441, 444, 445, 448] 
169 & 573 & [0, 2, 3, 4, 7, 12, 16, 24, 25, 27, 43, 45, 46, 47, 52, 53, 60, 70, 81, 92, 97, 100, 104, 108, 109, 112, 120, 125, 126, 134, 135, 136, 137, 142, 147, 148, 153, 164, 171, 174, 177, 181, 184, 186, 187, 193, 194, 207, 215, 218, 219, 220, 224, 225, 226, 233, 252, 256, 264, 265, 274, 284, 288, 289, 295, 302, 304, 306, 311, 313, 314, 327, 330, 333, 335, 339, 343, 346, 351, 352, 353, 355, 359, 367, 368, 379, 390, 391, 398, 401, 403, 406, 411, 414, 417, 418, 420, 432, 441, 444, 445, 448] 
170 & 573 & [0, 2, 3, 4, 7, 12, 16, 24, 25, 27, 43, 45, 46, 47, 52, 53, 60, 70, 81, 92, 97, 100, 104, 108, 109, 112, 120, 125, 126, 134, 135, 136, 137, 142, 147, 148, 153, 164, 171, 174, 177, 181, 184, 186, 187, 193, 194, 207, 215, 218, 219, 220, 224, 225, 226, 233, 252, 256, 264, 265, 274, 284, 288, 289, 295, 302, 304, 306, 311, 313, 314, 327, 330, 333, 335, 339, 343, 346, 351, 352, 353, 355, 359, 367, 368, 379, 390, 391, 398, 401, 403, 406, 411, 414, 417, 418, 420, 432, 441, 444, 445, 448] 
171 & 573 & [0, 2, 3, 4, 7, 12, 16, 24, 25, 27, 43, 45, 46, 47, 52, 53, 60, 70, 81, 92, 97, 100, 104, 108, 109, 112, 120, 125, 126, 134, 135, 136, 137, 142, 147, 148, 153, 164, 171, 174, 177, 181, 184, 186, 187, 193, 194, 207, 215, 218, 219, 220, 224, 225, 226, 233, 252, 256, 264, 265, 274, 284, 288, 289, 295, 302, 304, 306, 311, 313, 314, 327, 330, 333, 335, 339, 343, 346, 351, 352, 353, 355, 359, 367, 368, 379, 390, 391, 398, 401, 403, 406, 411, 414, 417, 418, 420, 432, 441, 444, 445, 448] 
172 & 573 & [0, 2, 3, 4, 7, 12, 16, 24, 25, 27, 43, 45, 46, 47, 52, 53, 60, 70, 81, 92, 97, 100, 104, 108, 109, 112, 120, 125, 126, 134, 135, 136, 137, 142, 147, 148, 153, 164, 171, 174, 177, 181, 184, 186, 187, 193, 194, 207, 215, 218, 219, 220, 224, 225, 226, 233, 252, 256, 264, 265, 274, 284, 288, 289, 295, 302, 304, 306, 311, 313, 314, 327, 330, 333, 335, 339, 343, 346, 351, 352, 353, 355, 359, 367, 368, 379, 390, 391, 398, 401, 403, 406, 411, 414, 417, 418, 420, 432, 441, 444, 445, 448] 
173 & 573 & [0, 2, 3, 4, 7, 12, 16, 24, 25, 27, 43, 45, 46, 47, 52, 53, 60, 70, 81, 92, 97, 100, 104, 108, 109, 112, 120, 125, 126, 134, 135, 136, 137, 142, 147, 148, 153, 164, 171, 174, 177, 181, 184, 186, 187, 193, 194, 207, 215, 218, 219, 220, 224, 225, 226, 233, 252, 256, 264, 265, 274, 284, 288, 289, 295, 302, 304, 306, 311, 313, 314, 327, 330, 333, 335, 339, 343, 346, 351, 352, 353, 355, 359, 367, 368, 379, 390, 391, 398, 401, 403, 406, 411, 414, 417, 418, 420, 432, 441, 444, 445, 448] 
174 & 573 & [0, 2, 3, 4, 7, 12, 16, 24, 25, 27, 43, 45, 46, 47, 52, 53, 60, 70, 81, 92, 97, 100, 104, 108, 109, 112, 120, 125, 126, 134, 135, 136, 137, 142, 147, 148, 153, 164, 171, 174, 177, 181, 184, 186, 187, 193, 194, 207, 215, 218, 219, 220, 224, 225, 226, 233, 252, 256, 264, 265, 274, 284, 288, 289, 295, 302, 304, 306, 311, 313, 314, 327, 330, 333, 335, 339, 343, 346, 351, 352, 353, 355, 359, 367, 368, 379, 390, 391, 398, 401, 403, 406, 411, 414, 417, 418, 420, 432, 441, 444, 445, 448] 
175 & 573 & [0, 2, 3, 4, 7, 12, 16, 24, 25, 27, 43, 45, 46, 47, 52, 53, 60, 70, 81, 92, 97, 100, 104, 108, 109, 112, 120, 125, 126, 134, 135, 136, 137, 142, 147, 148, 153, 164, 171, 174, 177, 181, 184, 186, 187, 193, 194, 207, 215, 218, 219, 220, 224, 225, 226, 233, 252, 256, 264, 265, 274, 284, 288, 289, 295, 302, 304, 306, 311, 313, 314, 327, 330, 333, 335, 339, 343, 346, 351, 352, 353, 355, 359, 367, 368, 379, 390, 391, 398, 401, 403, 406, 411, 414, 417, 418, 420, 432, 441, 444, 445, 448] 
176 & 573 & [0, 2, 3, 4, 7, 12, 16, 24, 25, 27, 43, 45, 46, 47, 52, 53, 60, 70, 81, 92, 97, 100, 104, 108, 109, 112, 120, 125, 126, 134, 135, 136, 137, 142, 147, 148, 153, 164, 171, 174, 177, 181, 184, 186, 187, 193, 194, 207, 215, 218, 219, 220, 224, 225, 226, 233, 252, 256, 264, 265, 274, 284, 288, 289, 295, 302, 304, 306, 311, 313, 314, 327, 330, 333, 335, 339, 343, 346, 351, 352, 353, 355, 359, 367, 368, 379, 390, 391, 398, 401, 403, 406, 411, 414, 417, 418, 420, 432, 441, 444, 445, 448] 
177 & 573 & [0, 2, 3, 4, 7, 12, 16, 24, 25, 27, 43, 45, 46, 47, 52, 53, 60, 70, 81, 92, 97, 100, 104, 108, 109, 112, 120, 125, 126, 134, 135, 136, 137, 142, 147, 148, 153, 164, 171, 174, 177, 181, 184, 186, 187, 193, 194, 207, 215, 218, 219, 220, 224, 225, 226, 233, 252, 256, 264, 265, 274, 284, 288, 289, 295, 302, 304, 306, 311, 313, 314, 327, 330, 333, 335, 339, 343, 346, 351, 352, 353, 355, 359, 367, 368, 379, 390, 391, 398, 401, 403, 406, 411, 414, 417, 418, 420, 432, 441, 444, 445, 448] 
178 & 573 & [0, 2, 3, 4, 7, 12, 16, 24, 25, 27, 43, 45, 46, 47, 52, 53, 60, 70, 81, 92, 97, 100, 104, 108, 109, 112, 120, 125, 126, 134, 135, 136, 137, 142, 147, 148, 153, 164, 171, 174, 177, 181, 184, 186, 187, 193, 194, 207, 215, 218, 219, 220, 224, 225, 226, 233, 252, 256, 264, 265, 274, 284, 288, 289, 295, 302, 304, 306, 311, 313, 314, 327, 330, 333, 335, 339, 343, 346, 351, 352, 353, 355, 359, 367, 368, 379, 390, 391, 398, 401, 403, 406, 411, 414, 417, 418, 420, 432, 441, 444, 445, 448] 
179 & 573 & [0, 2, 3, 4, 7, 12, 16, 24, 25, 27, 43, 45, 46, 47, 52, 53, 60, 70, 81, 92, 97, 100, 104, 108, 109, 112, 120, 125, 126, 134, 135, 136, 137, 142, 147, 148, 153, 164, 171, 174, 177, 181, 184, 186, 187, 193, 194, 207, 215, 218, 219, 220, 224, 225, 226, 233, 252, 256, 264, 265, 274, 284, 288, 289, 295, 302, 304, 306, 311, 313, 314, 327, 330, 333, 335, 339, 343, 346, 351, 352, 353, 355, 359, 367, 368, 379, 390, 391, 398, 401, 403, 406, 411, 414, 417, 418, 420, 432, 441, 444, 445, 448] 
180 & 573 & [0, 2, 3, 4, 7, 12, 16, 24, 25, 27, 43, 45, 46, 47, 52, 53, 60, 70, 81, 92, 97, 100, 104, 108, 109, 112, 120, 125, 126, 134, 135, 136, 137, 142, 147, 148, 153, 164, 171, 174, 177, 181, 184, 186, 187, 193, 194, 207, 215, 218, 219, 220, 224, 225, 226, 233, 252, 256, 264, 265, 274, 284, 288, 289, 295, 302, 304, 306, 311, 313, 314, 327, 330, 333, 335, 339, 343, 346, 351, 352, 353, 355, 359, 367, 368, 379, 390, 391, 398, 401, 403, 406, 411, 414, 417, 418, 420, 432, 441, 444, 445, 448] 
181 & 573 & [0, 2, 3, 4, 7, 12, 16, 24, 25, 27, 43, 45, 46, 47, 52, 53, 60, 70, 81, 92, 97, 100, 104, 108, 109, 112, 120, 125, 126, 134, 135, 136, 137, 142, 147, 148, 153, 164, 171, 174, 177, 181, 184, 186, 187, 193, 194, 207, 215, 218, 219, 220, 224, 225, 226, 233, 252, 256, 264, 265, 274, 284, 288, 289, 295, 302, 304, 306, 311, 313, 314, 327, 330, 333, 335, 339, 343, 346, 351, 352, 353, 355, 359, 367, 368, 379, 390, 391, 398, 401, 403, 406, 411, 414, 417, 418, 420, 432, 441, 444, 445, 448] 
182 & 573 & [0, 2, 3, 4, 7, 12, 16, 24, 25, 27, 43, 45, 46, 47, 52, 53, 60, 70, 81, 92, 97, 100, 104, 108, 109, 112, 120, 125, 126, 134, 135, 136, 137, 142, 147, 148, 153, 164, 171, 174, 177, 181, 184, 186, 187, 193, 194, 207, 215, 218, 219, 220, 224, 225, 226, 233, 252, 256, 264, 265, 274, 284, 288, 289, 295, 302, 304, 306, 311, 313, 314, 327, 330, 333, 335, 339, 343, 346, 351, 352, 353, 355, 359, 367, 368, 379, 390, 391, 398, 401, 403, 406, 411, 414, 417, 418, 420, 432, 441, 444, 445, 448] 
183 & 573 & [0, 2, 3, 4, 7, 12, 16, 24, 25, 27, 43, 45, 46, 47, 52, 53, 60, 70, 81, 92, 97, 100, 104, 108, 109, 112, 120, 125, 126, 134, 135, 136, 137, 142, 147, 148, 153, 164, 171, 174, 177, 181, 184, 186, 187, 193, 194, 207, 215, 218, 219, 220, 224, 225, 226, 233, 252, 256, 264, 265, 274, 284, 288, 289, 295, 302, 304, 306, 311, 313, 314, 327, 330, 333, 335, 339, 343, 346, 351, 352, 353, 355, 359, 367, 368, 379, 390, 391, 398, 401, 403, 406, 411, 414, 417, 418, 420, 432, 441, 444, 445, 448] 
184 & 573 & [0, 2, 3, 4, 7, 12, 16, 24, 25, 27, 43, 45, 46, 47, 52, 53, 60, 70, 81, 92, 97, 100, 104, 108, 109, 112, 120, 125, 126, 134, 135, 136, 137, 142, 147, 148, 153, 164, 171, 174, 177, 181, 184, 186, 187, 193, 194, 207, 215, 218, 219, 220, 224, 225, 226, 233, 252, 256, 264, 265, 274, 284, 288, 289, 295, 302, 304, 306, 311, 313, 314, 327, 330, 333, 335, 339, 343, 346, 351, 352, 353, 355, 359, 367, 368, 379, 390, 391, 398, 401, 403, 406, 411, 414, 417, 418, 420, 432, 441, 444, 445, 448] 
185 & 573 & [0, 2, 3, 4, 7, 12, 16, 24, 25, 27, 43, 45, 46, 47, 52, 53, 60, 70, 81, 92, 97, 100, 104, 108, 109, 112, 120, 125, 126, 134, 135, 136, 137, 142, 147, 148, 153, 164, 171, 174, 177, 181, 184, 186, 187, 193, 194, 207, 215, 218, 219, 220, 224, 225, 226, 233, 252, 256, 264, 265, 274, 284, 288, 289, 295, 302, 304, 306, 311, 313, 314, 327, 330, 333, 335, 339, 343, 346, 351, 352, 353, 355, 359, 367, 368, 379, 390, 391, 398, 401, 403, 406, 411, 414, 417, 418, 420, 432, 441, 444, 445, 448] 
186 & 573 & [0, 2, 3, 4, 7, 12, 16, 24, 25, 27, 43, 45, 46, 47, 52, 53, 60, 70, 81, 92, 97, 100, 104, 108, 109, 112, 120, 125, 126, 134, 135, 136, 137, 142, 147, 148, 153, 164, 171, 174, 177, 181, 184, 186, 187, 193, 194, 207, 215, 218, 219, 220, 224, 225, 226, 233, 252, 256, 264, 265, 274, 284, 288, 289, 295, 302, 304, 306, 311, 313, 314, 327, 330, 333, 335, 339, 343, 346, 351, 352, 353, 355, 359, 367, 368, 379, 390, 391, 398, 401, 403, 406, 411, 414, 417, 418, 420, 432, 441, 444, 445, 448] 
187 & 573 & [0, 2, 3, 4, 7, 12, 16, 24, 25, 27, 43, 45, 46, 47, 52, 53, 60, 70, 81, 92, 97, 100, 104, 108, 109, 112, 120, 125, 126, 134, 135, 136, 137, 142, 147, 148, 153, 164, 171, 174, 177, 181, 184, 186, 187, 193, 194, 207, 215, 218, 219, 220, 224, 225, 226, 233, 252, 256, 264, 265, 274, 284, 288, 289, 295, 302, 304, 306, 311, 313, 314, 327, 330, 333, 335, 339, 343, 346, 351, 352, 353, 355, 359, 367, 368, 379, 390, 391, 398, 401, 403, 406, 411, 414, 417, 418, 420, 432, 441, 444, 445, 448] 
188 & 573 & [0, 2, 3, 4, 7, 12, 16, 24, 25, 27, 43, 45, 46, 47, 52, 53, 60, 70, 81, 92, 97, 100, 104, 108, 109, 112, 120, 125, 126, 134, 135, 136, 137, 142, 147, 148, 153, 164, 171, 174, 177, 181, 184, 186, 187, 193, 194, 207, 215, 218, 219, 220, 224, 225, 226, 233, 252, 256, 264, 265, 274, 284, 288, 289, 295, 302, 304, 306, 311, 313, 314, 327, 330, 333, 335, 339, 343, 346, 351, 352, 353, 355, 359, 367, 368, 379, 390, 391, 398, 401, 403, 406, 411, 414, 417, 418, 420, 432, 441, 444, 445, 448] 
189 & 573 & [0, 2, 3, 4, 7, 12, 16, 24, 25, 27, 43, 45, 46, 47, 52, 53, 60, 70, 81, 92, 97, 100, 104, 108, 109, 112, 120, 125, 126, 134, 135, 136, 137, 142, 147, 148, 153, 164, 171, 174, 177, 181, 184, 186, 187, 193, 194, 207, 215, 218, 219, 220, 224, 225, 226, 233, 252, 256, 264, 265, 274, 284, 288, 289, 295, 302, 304, 306, 311, 313, 314, 327, 330, 333, 335, 339, 343, 346, 351, 352, 353, 355, 359, 367, 368, 379, 390, 391, 398, 401, 403, 406, 411, 414, 417, 418, 420, 432, 441, 444, 445, 448] 
190 & 573 & [0, 2, 3, 4, 7, 12, 16, 24, 25, 27, 43, 45, 46, 47, 52, 53, 60, 70, 81, 92, 97, 100, 104, 108, 109, 112, 120, 125, 126, 134, 135, 136, 137, 142, 147, 148, 153, 164, 171, 174, 177, 181, 184, 186, 187, 193, 194, 207, 215, 218, 219, 220, 224, 225, 226, 233, 252, 256, 264, 265, 274, 284, 288, 289, 295, 302, 304, 306, 311, 313, 314, 327, 330, 333, 335, 339, 343, 346, 351, 352, 353, 355, 359, 367, 368, 379, 390, 391, 398, 401, 403, 406, 411, 414, 417, 418, 420, 432, 441, 444, 445, 448] 
191 & 573 & [0, 2, 3, 4, 7, 12, 16, 24, 25, 27, 43, 45, 46, 47, 52, 53, 60, 70, 81, 92, 97, 100, 104, 108, 109, 112, 120, 125, 126, 134, 135, 136, 137, 142, 147, 148, 153, 164, 171, 174, 177, 181, 184, 186, 187, 193, 194, 207, 215, 218, 219, 220, 224, 225, 226, 233, 252, 256, 264, 265, 274, 284, 288, 289, 295, 302, 304, 306, 311, 313, 314, 327, 330, 333, 335, 339, 343, 346, 351, 352, 353, 355, 359, 367, 368, 379, 390, 391, 398, 401, 403, 406, 411, 414, 417, 418, 420, 432, 441, 444, 445, 448] 
192 & 573 & [0, 2, 3, 4, 7, 12, 16, 24, 25, 27, 43, 45, 46, 47, 52, 53, 60, 70, 81, 92, 97, 100, 104, 108, 109, 112, 120, 125, 126, 134, 135, 136, 137, 142, 147, 148, 153, 164, 171, 174, 177, 181, 184, 186, 187, 193, 194, 207, 215, 218, 219, 220, 224, 225, 226, 233, 252, 256, 264, 265, 274, 284, 288, 289, 295, 302, 304, 306, 311, 313, 314, 327, 330, 333, 335, 339, 343, 346, 351, 352, 353, 355, 359, 367, 368, 379, 390, 391, 398, 401, 403, 406, 411, 414, 417, 418, 420, 432, 441, 444, 445, 448] 
193 & 573 & [0, 2, 3, 4, 7, 12, 16, 24, 25, 27, 43, 45, 46, 47, 52, 53, 60, 70, 81, 92, 97, 100, 104, 108, 109, 112, 120, 125, 126, 134, 135, 136, 137, 142, 147, 148, 153, 164, 171, 174, 177, 181, 184, 186, 187, 193, 194, 207, 215, 218, 219, 220, 224, 225, 226, 233, 252, 256, 264, 265, 274, 284, 288, 289, 295, 302, 304, 306, 311, 313, 314, 327, 330, 333, 335, 339, 343, 346, 351, 352, 353, 355, 359, 367, 368, 379, 390, 391, 398, 401, 403, 406, 411, 414, 417, 418, 420, 432, 441, 444, 445, 448] 
194 & 573 & [0, 2, 3, 4, 7, 12, 16, 24, 25, 27, 43, 45, 46, 47, 52, 53, 60, 70, 81, 92, 97, 100, 104, 108, 109, 112, 120, 125, 126, 134, 135, 136, 137, 142, 147, 148, 153, 164, 171, 174, 177, 181, 184, 186, 187, 193, 194, 207, 215, 218, 219, 220, 224, 225, 226, 233, 252, 256, 264, 265, 274, 284, 288, 289, 295, 302, 304, 306, 311, 313, 314, 327, 330, 333, 335, 339, 343, 346, 351, 352, 353, 355, 359, 367, 368, 379, 390, 391, 398, 401, 403, 406, 411, 414, 417, 418, 420, 432, 441, 444, 445, 448] 
195 & 573 & [0, 2, 3, 4, 7, 12, 16, 24, 25, 27, 43, 45, 46, 47, 52, 53, 60, 70, 81, 92, 97, 100, 104, 108, 109, 112, 120, 125, 126, 134, 135, 136, 137, 142, 147, 148, 153, 164, 171, 174, 177, 181, 184, 186, 187, 193, 194, 207, 215, 218, 219, 220, 224, 225, 226, 233, 252, 256, 264, 265, 274, 284, 288, 289, 295, 302, 304, 306, 311, 313, 314, 327, 330, 333, 335, 339, 343, 346, 351, 352, 353, 355, 359, 367, 368, 379, 390, 391, 398, 401, 403, 406, 411, 414, 417, 418, 420, 432, 441, 444, 445, 448] 
196 & 573 & [0, 2, 3, 4, 7, 12, 16, 24, 25, 27, 43, 45, 46, 47, 52, 53, 60, 70, 81, 92, 97, 100, 104, 108, 109, 112, 120, 125, 126, 134, 135, 136, 137, 142, 147, 148, 153, 164, 171, 174, 177, 181, 184, 186, 187, 193, 194, 207, 215, 218, 219, 220, 224, 225, 226, 233, 252, 256, 264, 265, 274, 284, 288, 289, 295, 302, 304, 306, 311, 313, 314, 327, 330, 333, 335, 339, 343, 346, 351, 352, 353, 355, 359, 367, 368, 379, 390, 391, 398, 401, 403, 406, 411, 414, 417, 418, 420, 432, 441, 444, 445, 448] 
197 & 573 & [0, 2, 3, 4, 7, 12, 16, 24, 25, 27, 43, 45, 46, 47, 52, 53, 60, 70, 81, 92, 97, 100, 104, 108, 109, 112, 120, 125, 126, 134, 135, 136, 137, 142, 147, 148, 153, 164, 171, 174, 177, 181, 184, 186, 187, 193, 194, 207, 215, 218, 219, 220, 224, 225, 226, 233, 252, 256, 264, 265, 274, 284, 288, 289, 295, 302, 304, 306, 311, 313, 314, 327, 330, 333, 335, 339, 343, 346, 351, 352, 353, 355, 359, 367, 368, 379, 390, 391, 398, 401, 403, 406, 411, 414, 417, 418, 420, 432, 441, 444, 445, 448] 
198 & 573 & [0, 2, 3, 4, 7, 12, 16, 24, 25, 27, 43, 45, 46, 47, 52, 53, 60, 70, 81, 92, 97, 100, 104, 108, 109, 112, 120, 125, 126, 134, 135, 136, 137, 142, 147, 148, 153, 164, 171, 174, 177, 181, 184, 186, 187, 193, 194, 207, 215, 218, 219, 220, 224, 225, 226, 233, 252, 256, 264, 265, 274, 284, 288, 289, 295, 302, 304, 306, 311, 313, 314, 327, 330, 333, 335, 339, 343, 346, 351, 352, 353, 355, 359, 367, 368, 379, 390, 391, 398, 401, 403, 406, 411, 414, 417, 418, 420, 432, 441, 444, 445, 448] 
199 & 573 & [0, 2, 3, 4, 7, 12, 16, 24, 25, 27, 43, 45, 46, 47, 52, 53, 60, 70, 81, 92, 97, 100, 104, 108, 109, 112, 120, 125, 126, 134, 135, 136, 137, 142, 147, 148, 153, 164, 171, 174, 177, 181, 184, 186, 187, 193, 194, 207, 215, 218, 219, 220, 224, 225, 226, 233, 252, 256, 264, 265, 274, 284, 288, 289, 295, 302, 304, 306, 311, 313, 314, 327, 330, 333, 335, 339, 343, 346, 351, 352, 353, 355, 359, 367, 368, 379, 390, 391, 398, 401, 403, 406, 411, 414, 417, 418, 420, 432, 441, 444, 445, 448] 
